155|Child|2: 4425 1632 572 253 106 46 22 9 4 1 
178|Child|4: 12007 2949 1107 473 285 123 40 24 9 4 1 
482|Child|1: 5856 2383 748 347 120 57 29 9 4 1 
598|Child|2: 14490 4328 1114 574 233 121 52 19 10 4 1 
599|Child|2: 13847 10232 2442 1032 565 215 121 52 19 10 4 1 
894|Child|1: 10936 2912 1032 721 255 114 61 20 9 4 1 
1649|Child|2: 10404 2643 987 378 158 76 25 14 4 1 
1876|Child|2: 5934 1975 788 416 134 80 23 10 4 1 
1959|Child|2: 5312 1511 610 327 149 68 25 10 4 1 
2291|Child|6: 6147 1938 718 409 132 67 31 10 4 1 
2359|Child|1: 13787 2765 1068 479 193 122 59 20 9 4 1 
2369|Child|18: 14301 3688 1127 647 207 139 52 20 9 4 1 
2370|Child|2: 13787 2765 1068 479 193 139 52 20 9 4 1 
2371|Child|2: 4900 1421 793 295 122 52 20 9 4 1 
2376|Child|2: 13787 2765 1068 479 193 122 52 20 9 4 1 
2393|Child|5: 12559 3126 1531 601 234 97 51 19 10 4 1 
2598|Child|2: 12943 3402 1186 492 253 133 71 19 10 4 1 
2905|Child|3: 13171 3033 912 598 253 139 49 21 10 4 1 
2906|Child|2: 4523 1245 697 288 129 49 21 10 4 1 
3252|Child|5: 6037 1611 908 342 149 52 19 10 4 1 
3255|Child|1: 4627 1360 515 222 102 50 23 8 3 1 
3343|Child|6: 11045 3281 974 568 243 141 46 24 9 4 1 
3366|Child|1: 10365 2200 811 260 108 59 24 9 4 1 
3636|Child|2: 5999 1690 691 265 146 64 25 10 4 1 
4179|Child|1: 4648 1490 570 276 121 67 25 9 4 1 
4207|Child|2: 9949 2314 928 344 140 79 24 9 4 1 
11|Survivor|2: 10548 2974 1303 499 176 103 46 20 9 4 1 
17|Child|50: 10548 2974 1303 499 176 121 57 23 10 4 1 
18|Child|33|Mutated: 10548 2974 1356 499 176 103 46 20 9 4 1 
161|Child|33: 10548 2974 1264 491 176 103 46 20 9 4 1 
168|Child|27: 10548 2974 1210 499 176 103 46 20 9 4 1 
170|Child|14|Mutated: 10548 2974 1356 499 199 103 46 20 9 4 1 
178|Child|36|Mutated: 10548 2974 1222 499 176 103 46 20 9 4 1 
222|Survivor|10|Mutated: 11576 2974 1210 499 176 103 46 20 9 4 1 
254|Child|27: 10548 3105 1210 499 176 103 46 20 9 4 1 
301|Survivor|8: 10548 3193 1210 499 176 103 46 20 9 4 1 
328|Survivor|8|Mutated: 10548 2974 1210 499 188 103 46 20 9 4 1 
347|Child|20: 10548 2835 1210 499 176 103 46 20 9 4 1 
442|Child|48: 10548 2974 1178 499 176 103 46 20 9 4 1 
465|Survivor|10|Mutated: 10413 2974 1178 499 176 103 46 20 9 4 1 
467|Child|33: 10548 2447 1178 484 176 103 46 20 9 4 1 
541|Child|32|Mutated: 11130 2974 1178 499 176 103 46 20 9 4 1 
548|Child|29|Mutated: 11065 2974 1178 499 176 103 46 20 9 4 1 
590|Child|31|Mutated: 10548 2974 1178 540 208 103 46 20 9 4 1 
612|Child|41|Mutated: 10548 2974 1072 499 204 103 46 20 9 4 1 
624|Child|12|Mutated: 10974 2651 1178 499 176 103 46 20 9 4 1 
625|Survivor|3|Mutated: 10548 2974 1178 499 205 103 46 20 9 4 1 
653|Child|49|Mutated: 10548 2755 1178 499 176 103 46 20 9 4 1 
676|Survivor|6|Mutated: 11834 2839 1178 499 176 103 46 20 9 4 1 
682|Child|35|Mutated: 10829 2974 1178 499 176 103 46 20 9 4 1 
688|Child|34|Mutated: 10853 2974 1178 499 176 103 46 20 9 4 1 
701|Child|7|Mutated: 11153 2974 1178 499 176 103 46 20 9 4 1 
727|Survivor|4|Mutated: 11153 3015 1178 499 176 103 46 20 9 4 1 
774|Survivor|5|Mutated: 11075 3015 1178 499 176 103 46 20 9 4 1 
776|Child|28|Mutated: 11153 3015 1178 499 203 108 46 20 9 4 1 
798|Survivor|8|Mutated: 11153 3015 1178 499 203 103 51 19 10 4 1 
805|Survivor|1|Mutated: 11153 2775 1206 568 203 103 51 19 10 4 1 
809|Survivor|2|Mutated: 12537 3015 1178 499 176 103 46 20 9 4 1 
811|Survivor|5|Mutated: 11153 3269 1178 499 176 103 46 20 9 4 1 
855|Child|31|Mutated: 11153 3154 1178 499 176 103 46 20 9 4 1 
918|Child|36|Mutated: 11153 2901 1178 499 176 103 46 20 9 4 1 
972|Child|47|Mutated: 12072 3132 1178 499 205 103 46 20 9 4 1 
992|Child|13|Mutated: 11153 3015 1178 499 199 103 46 20 9 4 1 
996|Child|50|Mutated: 11153 3052 1178 499 176 103 46 20 9 4 1 
1005|Child|40|Mutated: 11153 3022 1178 499 176 103 46 20 9 4 1 
1072|Survivor|2|Mutated: 10948 3015 1178 499 176 103 46 20 9 4 1 
1148|Child|36|Mutated: 12865 3015 1178 499 176 103 46 20 9 4 1 
1215|Child|42|Mutated: 11153 2960 1178 499 176 103 46 20 9 4 1 
1223|Child|31|Mutated: 11153 3015 1164 499 176 103 46 20 9 4 1 
1226|Child|32|Mutated: 11153 2643 1178 499 207 103 46 20 9 4 1 
1254|Child|36|Mutated: 11325 2788 1178 499 176 103 46 20 9 4 1 
1256|Survivor|3: 11153 2963 1178 499 176 103 46 20 9 4 1 
1263|Child|49|Mutated: 10817 3015 1178 552 201 93 46 20 9 4 1 
1301|Child|5|Mutated: 11153 2964 1178 499 176 103 46 20 9 4 1 
1307|Child|45|Mutated: 11153 2982 1178 499 176 103 46 20 9 4 1 
1312|Child|34|Mutated: 11153 3272 1178 499 176 103 46 20 9 4 1 
1325|Child|26|Mutated: 11153 2956 1178 499 176 103 46 20 9 4 1 
1350|Child|6|Mutated: 11446 3015 1178 499 176 103 46 20 9 4 1 
1384|Child|29|Mutated: 11153 3121 1178 499 176 103 46 20 9 4 1 
1386|Child|20|Mutated: 11153 2669 1178 499 176 103 46 20 9 4 1 
1442|Child|34|Mutated: 11205 2714 1178 499 176 103 46 20 9 4 1 
1479|Child|39|Mutated: 10699 3015 1178 499 176 103 46 20 9 4 1 
1532|Survivor|1|Mutated: 11153 3022 1178 499 204 85 43 20 9 4 1 
1616|Survivor|10|Mutated: 11153 3155 1178 499 176 103 46 20 9 4 1 
1647|Child|36|Mutated: 10705 3155 1178 499 176 103 46 20 9 4 1 
1662|Child|30|Mutated: 11619 3155 1178 499 176 103 46 20 9 4 1 
1671|Child|13|Mutated: 12736 3015 1178 499 176 103 46 20 9 4 1 
1681|Child|36|Mutated: 11153 3155 1147 499 176 103 48 20 9 4 1 
1715|Child|50|Mutated: 11153 3155 1304 499 207 103 46 20 9 4 1 
1763|Child|19|Mutated: 11153 3155 1178 508 187 103 46 20 9 4 1 
1768|Child|12|Mutated: 11078 3155 1178 499 176 103 46 20 9 4 1 
1888|Child|22|Mutated: 11153 3131 1178 499 176 103 46 20 9 4 1 
1927|Child|25|Mutated: 11153 2526 1178 499 176 103 46 20 9 4 1 
1981|Child|8|Mutated: 11153 3155 1107 499 176 103 46 20 9 4 1 
1983|Child|7|Mutated: 11153 2972 1178 464 202 103 46 20 9 4 1 
2043|Child|49|Mutated: 11557 3155 1178 499 176 103 46 20 9 4 1 
2106|Child|48|Mutated: 11153 2935 1178 499 176 103 46 20 9 4 1 
2141|Child|39|Mutated: 11153 2641 1178 499 176 103 46 20 9 4 1 
2160|Child|23|Mutated: 11153 3026 1178 499 176 103 46 20 9 4 1 
2175|Child|20|Mutated: 11153 2695 1178 499 176 103 46 20 9 4 1 
2223|Child|28|Mutated: 11153 3065 1262 499 209 119 46 20 9 4 1 
2247|Survivor|3|Mutated: 11182 3155 1178 499 176 103 46 20 9 4 1 
2255|Child|45|Mutated: 11263 3155 1178 499 176 103 46 20 9 4 1 
2274|Child|37: 11153 2950 1178 499 176 103 46 20 9 4 1 
2277|Child|48|Mutated: 11153 2743 1178 499 176 103 46 20 9 4 1 
2308|Child|13|Mutated: 11153 3155 1178 436 202 103 46 20 9 4 1 
2355|Survivor|8|Mutated: 11070 3155 1178 499 176 103 46 20 9 4 1 
2356|Child|16|Mutated: 10828 3127 1178 499 176 103 46 20 9 4 1 
2445|Child|20|Mutated: 11153 2893 1178 499 176 103 46 20 9 4 1 
2453|Child|22|Mutated: 12071 2875 1178 499 176 103 46 20 9 4 1 
2462|Child|19|Mutated: 11153 2813 1178 499 176 103 46 20 9 4 1 
2473|Child|22|Mutated: 10836 3155 1178 499 176 103 46 20 9 4 1 
2604|Child|6|Mutated: 11153 2583 1178 499 176 103 46 20 9 4 1 
2615|Survivor|3|Mutated: 11153 3140 1178 499 176 103 46 20 9 4 1 
2673|Child|46|Mutated: 11153 3155 1224 499 176 103 46 20 9 4 1 
2738|Child|26|Mutated: 11153 3155 1178 499 187 114 46 20 9 4 1 
2750|Child|5|Mutated: 11153 2934 1178 499 203 103 39 20 9 4 1 
2764|Child|14|Mutated: 11153 3155 1178 499 205 103 46 20 9 4 1 
2859|Child|16|Mutated: 13267 3155 1178 499 176 103 46 20 9 4 1 
2864|Child|47|Mutated: 11153 3155 1310 578 193 103 46 20 9 4 1 
2878|Child|6|Mutated: 11153 3238 1178 499 199 103 46 20 9 4 1 
2942|Child|22|Mutated: 11153 3085 1030 499 207 103 46 20 9 4 1 
2945|Child|7: 11598 3155 1178 499 176 103 46 20 9 4 1 
2968|Child|5|Mutated: 11153 2923 1145 499 188 103 46 20 9 4 1 
3014|Child|2: 12045 3155 1178 499 176 103 46 20 9 4 1 
3028|Survivor|8|Mutated: 11424 3155 1178 499 176 103 46 20 9 4 1 
3088|Child|50|Mutated: 10482 3155 1178 499 205 103 46 20 9 4 1 
3098|Child|9|Mutated: 11153 2611 1178 499 176 103 46 20 9 4 1 
3105|Child|36|Mutated: 11455 3155 1178 499 176 103 46 20 9 4 1 
3106|Child|37|Mutated: 11153 2937 1178 499 176 103 46 20 9 4 1 
3156|Child|41|Mutated: 11918 3155 1178 499 176 103 46 20 9 4 1 
3188|Child|20|Mutated: 11153 3155 1178 453 176 103 46 20 9 4 1 
3215|Child|37|Mutated: 11153 3155 1139 499 176 103 46 20 9 4 1 
3246|Child|29|Mutated: 11153 2809 1178 499 176 103 46 20 9 4 1 
3271|Child|21|Mutated: 11153 2926 1178 499 176 103 46 20 9 4 1 
3313|Child|30|Mutated: 11153 2958 1179 499 176 103 46 20 9 4 1 
3357|Child|31|Mutated: 11153 2897 1178 499 176 103 46 20 9 4 1 
3382|Child|7|Mutated: 11153 2667 1178 499 176 103 46 20 9 4 1 
3423|Child|14|Mutated: 11153 3155 1178 551 208 103 46 20 9 4 1 
3438|Survivor|6|Mutated: 11153 2849 1178 499 176 103 46 20 9 4 1 
3450|Child|38|Mutated: 11153 3123 1104 499 176 103 46 20 9 4 1 
3479|Child|30|Mutated: 11153 3155 1195 499 176 103 46 20 9 4 1 
3531|Child|43|Mutated: 11104 3155 1178 499 176 103 46 20 9 4 1 
3604|Child|15|Mutated: 11153 2576 1121 499 176 103 46 20 9 4 1 
3650|Survivor|5|Mutated: 11454 2576 1121 499 176 103 46 20 9 4 1 
3748|Survivor|6|Mutated: 11153 2576 1121 499 176 103 48 20 9 4 1 
3792|Child|26|Mutated: 11153 2856 1121 499 176 103 46 20 9 4 1 
3800|Survivor|7|Mutated: 11153 2576 1121 499 205 103 46 20 9 4 1 
3905|Child|7|Mutated: 11153 2600 1121 499 205 103 46 20 9 4 1 
3966|Child|28|Mutated: 11153 2733 1121 499 176 103 46 20 9 4 1 
3975|Child|5|Mutated: 11797 2576 1121 499 176 103 46 20 9 4 1 
4017|Child|34|Mutated: 11153 2636 1121 499 176 103 46 20 9 4 1 
4028|Child|1: 11092 2636 1121 499 176 103 46 20 9 4 1 
4080|Child|3|Mutated: 11153 2636 1121 499 195 103 48 20 9 4 1 
4089|Child|18: 11153 2636 1121 499 176 103 48 20 9 4 1 
4132|Child|9: 11762 2636 1121 499 176 103 46 20 9 4 1 
18|Child_Levy|36|Mutated: 3898 1213 586 231 115 46 20 9 4 1 
193|Survivor|1: 3153 1131 575 239 121 64 24 11 4 1 
250|Survivor|1: 3257 1175 526 245 105 73 24 11 5 1 
268|Child_Cross|25: 3582 1255 523 199 95 61 23 10 4 1 
301|Survivor|1: 2866 960 408 183 80 30 11 5 1 
306|Child_Cross|2: 4562 1882 666 312 109 63 25 9 4 1 
349|Survivor|1: 3118 949 439 193 81 29 10 4 1 
487|Survivor|1: 5600 1482 613 277 115 69 21 10 4 1 
509|Child_Levy|12: 3933 1445 565 256 142 68 29 9 4 1 
510|Child_Cross|49: 3784 1505 558 253 133 82 29 10 4 1 
520|Survivor|1|Mutated: 3784 1483 558 253 133 82 29 10 4 1 
521|Survivor|1|Mutated: 3431 1483 558 253 133 82 29 10 4 1 
560|Survivor|1: 3205 1186 466 213 90 61 23 10 4 1 
596|Child_Levy|36: 4432 1707 660 371 125 58 25 10 4 1 
598|Child_Levy|20: 3998 1563 620 296 118 63 27 10 4 1 
632|Child_Avg|3: 3426 1158 502 261 109 53 19 10 4 1 
668|Child_Cross|5: 12082 2897 1020 605 201 109 53 19 10 4 1 
672|Child_Cross|5: 3997 1324 588 255 130 67 23 10 4 1 
705|Survivor|1: 3997 1324 588 255 130 67 23 10 3 1 
753|Survivor|1: 4261 1681 625 319 122 63 24 10 3 1 
886|Child_Avg|35: 4248 1322 543 266 104 55 24 9 4 1 
989|Child_Levy|32: 3298 1197 460 205 108 46 20 9 4 1 
1022|Survivor|1: 3551 1253 475 183 90 46 20 9 4 1 
1076|Child_Avg|15: 4137 1968 618 281 107 60 21 10 4 1 
1129|Survivor|1: 4795 1413 713 243 121 63 28 11 4 1 
1132|Child_Cross|42: 3603 1411 592 226 116 63 28 11 4 1 
1235|Child_Cross|37: 4519 1282 482 211 101 54 25 10 4 1 
1309|Child_Cross|33: 4212 1454 573 270 134 64 24 9 4 1 
1319|Survivor|1: 3067 1311 573 320 99 59 24 9 4 1 
1323|Survivor|1: 2997 1109 446 253 99 61 24 9 4 1 
1557|Survivor|1|Mutated: 3979 1736 531 304 116 65 23 10 4 1 
1642|Survivor|1: 4262 1352 508 223 135 53 28 9 4 1 
1688|Survivor|1: 4367 1270 567 226 98 46 25 8 3 1 
1791|Child_Cross|17|Mutated: 4253 1440 530 223 98 60 23 10 4 1 
1792|Child_Cross|45: 4253 1440 530 223 98 61 23 10 4 1 
1802|Survivor|1|Mutated: 4140 1440 472 223 98 61 23 10 4 1 
1845|Child_Cross|45: 4440 1378 580 202 115 67 21 10 4 1 
2025|Child_Levy|32: 4798 1795 651 328 148 77 23 10 4 1 
2088|Child_Avg|55: 4277 1816 610 273 106 68 24 9 4 1 
2185|Child_Avg|35: 3694 1545 573 227 107 61 29 9 4 1 
2332|Survivor|1|Mutated: 3523 1461 552 240 100 65 24 9 4 1 
2356|Child_Cross|53: 3484 1325 520 229 93 61 22 8 3 1 
2497|Child_Levy|36: 3422 1100 533 213 113 59 21 10 4 1 
2784|Child_Cross|57: 5411 1516 683 302 131 53 24 7 3 1 
2931|Survivor|1: 4481 1204 735 311 126 62 27 10 4 1 
2943|Child_Cross|49: 3251 1012 545 232 110 62 27 10 4 1 
2947|Child_Cross|65: 3455 1108 616 238 105 50 24 9 4 1 
3037|Child_Avg|23: 4373 1295 572 215 106 51 19 7 3 1 
3270|Survivor|1: 3670 1293 581 227 107 56 25 9 4 1 
3282|Child_Avg|63: 3502 1350 499 269 116 67 23 10 4 1 
3302|Child_Cross|26: 3502 1350 499 269 116 61 23 10 4 1 
3313|Survivor|1: 3288 1350 499 269 116 61 23 10 4 1 
3333|Survivor|1: 3278 1421 498 220 97 70 21 10 4 1 
3415|Child_Avg|7|Mutated: 4149 1237 576 280 119 62 28 10 3 1 
3455|Child_Avg|19: 3675 1236 527 233 110 56 21 10 3 1 
3503|Child_Avg|47: 4178 1231 489 227 97 49 19 7 3 1 
3550|Child_Cross|57: 6684 1938 848 346 133 61 28 10 3 1 
3569|Survivor|1|Mutated: 6684 1938 801 346 133 61 28 10 3 1 
3584|Child_Cross|13: 3820 1155 480 229 99 56 24 9 4 1 
3589|Child_Cross|42: 3820 1155 480 229 99 67 24 9 4 1 
3657|Survivor|1: 2943 1081 495 212 97 54 20 9 4 1 
3696|Child_Levy|20: 5040 1441 571 222 101 64 24 9 4 1 
3834|Survivor|1: 4411 1714 796 291 134 63 25 11 4 1 
3906|Child_Cross|21: 3831 1491 600 223 107 46 20 9 4 1 
3968|Child_Levy|48|Mutated: 4984 1713 631 275 137 67 24 9 4 1 
3989|Child_Levy|24: 3358 1360 559 224 119 62 23 10 4 1 
4003|Survivor|1|Mutated: 3358 1416 559 224 119 62 23 10 4 1 
4065|Child_Avg|43: 5509 1422 620 329 148 56 25 9 4 1 
4072|Child_Cross|6: 5549 1471 646 337 145 56 25 9 4 1 
4133|Child_Cross|65: 3308 1201 471 229 101 51 20 8 3 1 
8|Survivor|1: 13334 2765 967 283 168 72 27 10 4 1 
12|Child_ABC1|4: 10091 1989 1079 375 148 66 27 10 4 1 
20|Child_Cross12|49: 10266 2164 1021 321 149 64 28 11 4 1 
22|Child_Cross21|50: 10053 2122 1020 317 150 76 28 11 4 1 
27|Survivor|1|Mutated: 9809 2122 1020 317 150 76 28 11 4 1 
34|Child_ABC2|29: 11275 2159 875 323 151 66 27 10 4 1 
38|Child_Avg|3: 10149 2156 959 323 146 66 27 10 4 1 
44|Child_ABC2|17: 9539 2341 716 323 143 66 27 10 4 1 
49|Child_Avg|51: 9778 2320 869 359 131 66 27 10 4 1 
50|Child_ABC1|4: 9799 2358 765 377 131 66 27 10 4 1 
51|Child_Cross12|1: 9343 2284 785 388 116 66 27 10 4 1 
52|Child_Avg|3|Mutated: 9055 2309 861 390 124 66 27 10 4 1 
70|Child_ABC1|28: 9109 2312 844 390 133 66 27 10 4 1 
78|Child_ABC2|5: 9074 2245 868 394 133 66 27 10 4 1 
81|Child_Avg|39: 9168 2232 846 383 128 66 27 10 4 1 
90|Child_ABC1|4: 9747 2314 864 371 121 66 27 10 4 1 
95|Child_Cross21|2: 9285 2393 908 374 119 66 27 10 4 1 
99|Child_LevyABC2|48: 10241 2362 952 361 124 65 25 11 5 1 
100|Child_ABC2|41|Mutated: 9747 2314 864 367 121 66 27 10 4 1 
107|Child_Cross21|2|Mutated: 9365 2314 864 367 121 66 27 10 4 1 
109|Child_Avg|3: 9556 2314 864 367 121 66 27 10 4 1 
110|Child_Avg|39: 9651 2314 864 367 121 66 27 10 4 1 
111|Child_ABC1|4: 9798 2314 864 367 121 66 27 10 4 1 
112|Child_ABC1|28: 9711 2314 864 367 121 66 27 10 4 1 
113|Child_Cross12|49: 9684 2314 864 367 121 66 27 10 4 1 
114|Survivor|1|Mutated: 10260 2314 864 367 121 66 27 10 4 1 
115|Child_Cross12|1: 9818 2314 864 367 121 66 27 10 4 1 
116|Child_Avg|3: 9751 2314 864 367 121 66 27 10 4 1 
117|Child_ABC2|53: 10020 2314 864 367 121 66 27 10 4 1 
120|Child_Cross21|2: 10374 2314 864 367 121 66 27 10 4 1 
121|Child_Avg|39: 9979 2314 864 367 121 66 27 10 4 1 
122|Child_ABC2|41: 10002 2314 864 367 121 66 27 10 4 1 
123|Child_ABC2|17: 10131 2314 864 367 121 66 27 10 4 1 
124|Child_Avg|39: 10068 2314 864 367 121 66 27 10 4 1 
125|Child_Cross21|14: 10073 2314 864 367 121 66 27 10 4 1 
126|Child_Avg|39: 10144 2314 864 367 121 66 27 10 4 1 
127|Child_ABC1|4: 10126 2314 864 367 121 66 27 10 4 1 
128|Child_Avg|3: 10283 2314 864 367 121 66 27 10 4 1 
129|Child_ABC2|17: 10229 2314 864 367 121 66 27 10 4 1 
130|Child_Cross12|1: 10301 2314 864 367 121 66 27 10 4 1 
131|Child_Cross21|50: 10292 2314 864 367 121 66 27 10 4 1 
142|Child_Cross12|1|Mutated: 10301 2314 864 367 140 66 27 10 4 1 
145|Child_Cross21|2|Mutated: 10301 2314 954 367 141 66 27 10 4 1 
154|Survivor|1|Mutated: 10301 2314 871 367 136 66 27 10 4 1 
155|Child_ABC1|4: 10301 2314 878 367 150 66 27 10 4 1 
156|Child_ABC2|41: 10301 2314 865 367 136 66 27 10 4 1 
159|Child_ABC1|16: 10301 2314 865 367 124 66 27 10 4 1 
163|Child_Cross12|13: 10301 2314 864 357 121 66 27 10 4 1 
171|Child_Cross12|25|Mutated: 10301 2314 864 367 141 66 27 10 4 1 
190|Child_Avg|39|Mutated: 10301 2314 864 339 121 66 27 10 4 1 
204|Child_Avg|51|Mutated: 10828 2314 864 367 121 66 27 10 4 1 
263|Child_Cross12|1|Mutated: 10301 2058 861 367 128 66 27 10 4 1 
322|Child_Cross12|49|Mutated: 11805 2314 864 367 121 66 27 10 4 1 
353|Child_Avg|51|Mutated: 10301 2314 864 354 121 73 27 10 4 1 
367|Child_ABC1|40|Mutated: 10001 2314 864 367 121 66 27 10 4 1 
368|Child_ABC1|40: 10066 2314 864 367 121 66 27 10 4 1 
389|Child_ABC2|5|Mutated: 11031 2314 864 357 121 66 27 10 4 1 
390|Child_ABC1|4: 10758 2314 864 367 121 66 27 10 4 1 
528|Child_Avg|39: 10301 2314 864 367 124 66 27 10 4 1 
534|Child_ABC1|52|Mutated: 10301 2314 864 367 131 75 27 10 4 1 
546|Child_ABC2|41: 10301 2314 864 367 132 69 27 10 4 1 
578|Child_ABC2|41|Mutated: 10301 2180 864 367 121 66 27 10 4 1 
585|Child_Cross12|1|Mutated: 10301 2314 864 367 138 66 27 10 4 1 
586|Child_LevyABC2|24: 10470 2259 865 377 142 64 24 11 5 1 
624|Child_Cross21|50|Mutated: 11037 2314 864 367 124 66 27 10 4 1 
627|Child_ABC1|40: 11340 2314 864 367 121 66 27 10 4 1 
655|Child_ABC2|41|Mutated: 10301 2314 864 367 123 72 27 10 4 1 
707|Child_ABC2|5|Mutated: 10420 2314 864 367 121 66 27 10 4 1 
708|Child_ABC2|41: 10199 2314 864 367 121 66 27 10 4 1 
709|Child_Avg|51: 10369 2314 864 367 121 66 27 10 4 1 
710|Child_Avg|15|Mutated: 10335 2314 864 367 121 66 27 10 4 1 
711|Child_Avg|27: 10318 2314 864 367 121 66 27 10 4 1 
738|Child_LevyP2|55: 9784 2346 860 361 134 64 30 11 5 1 
746|Child_ABC1|40: 10301 2314 864 367 150 66 27 10 4 1 
852|Child_Avg|39|Mutated: 10301 2314 864 342 121 66 27 10 4 1 
856|Child_ABC1|28|Mutated: 12175 2314 864 367 140 66 27 10 4 1 
901|Child_Avg|27|Mutated: 10986 2314 864 367 121 66 27 10 4 1 
902|Child_Avg|51: 10643 2314 864 367 121 66 27 10 4 1 
903|Child_Avg|15: 10472 2314 864 367 121 66 27 10 4 1 
904|Child_ABC2|53: 10582 2314 864 367 121 66 27 10 4 1 
906|Child_Cross21|38: 10554 2314 864 367 121 66 27 10 4 1 
907|Child_ABC2|29: 10530 2314 864 367 121 66 27 10 4 1 
908|Child_ABC2|17: 10628 2314 864 367 121 66 27 10 4 1 
909|Child_ABC1|28: 10572 2314 864 367 121 66 27 10 4 1 
910|Child_Cross21|38: 10766 2314 864 367 121 66 27 10 4 1 
911|Child_ABC2|41: 10786 2314 864 367 121 66 27 10 4 1 
912|Child_Cross12|13: 10503 2314 864 367 121 66 27 10 4 1 
913|Child_Avg|15: 10596 2314 864 367 121 66 27 10 4 1 
914|Child_ABC2|17: 10574 2314 864 367 121 66 27 10 4 1 
915|Child_ABC1|52: 10552 2314 864 367 121 66 27 10 4 1 
916|Child_Avg|27: 10580 2314 864 367 121 66 27 10 4 1 
917|Child_Avg|3: 10565 2314 864 367 121 66 27 10 4 1 
918|Child_ABC1|16: 10561 2314 864 367 121 66 27 10 4 1 
919|Child_ABC2|29: 10588 2314 864 367 121 66 27 10 4 1 
920|Child_Cross12|49: 10570 2314 864 367 121 66 27 10 4 1 
923|Child_Cross12|13: 10575 2314 864 367 121 66 27 10 4 1 
927|Child_Cross21|50: 10609 2314 864 367 121 66 27 10 4 1 
928|Child_Avg|3: 10567 2314 864 367 121 66 27 10 4 1 
930|Child_ABC1|4: 10563 2314 864 367 121 66 27 10 4 1 
931|Child_Cross12|13: 10652 2314 864 367 121 66 27 10 4 1 
932|Child_Cross12|25: 10579 2314 864 367 121 66 27 10 4 1 
933|Child_Cross12|49: 10664 2314 864 367 121 66 27 10 4 1 
935|Child_Cross12|13|Mutated: 10570 2314 864 367 124 66 27 10 4 1 
940|Child_ABC2|17: 10566 2314 864 367 121 66 27 10 4 1 
945|Child_Cross12|1: 10571 2314 864 367 121 66 27 10 4 1 
947|Child_ABC1|4: 10569 2314 864 367 121 66 27 10 4 1 
949|Child_Cross21|14: 10564 2314 864 367 121 66 27 10 4 1 
950|Child_ABC1|52: 10560 2314 864 367 121 66 27 10 4 1 
964|Child_ABC1|52|Mutated: 10561 2314 864 367 140 66 27 10 4 1 
968|Child_ABC1|16: 10561 2314 864 367 124 66 27 10 4 1 
984|Child_Avg|3|Mutated: 10842 2314 864 367 124 69 27 10 4 1 
985|Child_Cross21|2: 10561 2314 864 367 124 69 27 10 4 1 
1095|Child_Cross12|37|Mutated: 10561 2386 864 367 124 69 27 10 4 1 
1166|Child_Cross12|13|Mutated: 10689 2314 864 367 124 69 27 10 4 1 
1176|Child_Cross12|37|Mutated: 10711 2314 864 367 124 69 27 10 4 1 
1204|Child_Avg|3|Mutated: 10561 2314 979 367 146 69 27 10 4 1 
1247|Child_ABC1|52|Mutated: 10811 2314 864 367 124 69 27 10 4 1 
1248|Child_Avg|3: 10686 2314 864 367 124 69 27 10 4 1 
1249|Child_Avg|3: 10621 2314 864 367 124 69 27 10 4 1 
1250|Child_ABC2|29: 10573 2314 864 367 124 69 27 10 4 1 
1251|Child_ABC1|28: 10828 2314 864 367 124 69 27 10 4 1 
1252|Child_Avg|51: 10570 2314 864 367 124 69 27 10 4 1 
1253|Child_Avg|15: 10574 2314 864 367 124 69 27 10 4 1 
1254|Child_Cross21|26: 10539 2314 864 367 124 69 27 10 4 1 
1255|Child_ABC1|4: 10589 2314 864 367 124 69 27 10 4 1 
1256|Child_Avg|3: 10581 2314 864 367 124 69 27 10 4 1 
1257|Child_ABC2|41: 10566 2314 864 367 124 69 27 10 4 1 
1258|Child_ABC1|40: 10560 2314 864 367 124 69 27 10 4 1 
1260|Child_ABC1|4: 10496 2314 864 367 124 69 27 10 4 1 
1261|Child_ABC2|41: 10530 2314 864 367 124 69 27 10 4 1 
1262|Child_Cross12|37: 10549 2314 864 367 124 69 27 10 4 1 
1263|Child_ABC1|40: 10525 2314 864 367 124 69 27 10 4 1 
1264|Child_Avg|27: 10554 2314 864 367 124 69 27 10 4 1 
1266|Child_ABC2|29: 10578 2314 864 367 124 69 27 10 4 1 
1269|Child_Avg|39: 10550 2314 864 367 124 69 27 10 4 1 
1272|Child_ABC2|29: 10544 2314 864 367 124 69 27 10 4 1 
1274|Child_Avg|15: 10551 2314 864 367 124 69 27 10 4 1 
1298|Child_ABC1|40|Mutated: 10550 2314 908 367 147 69 27 10 4 1 
1299|Child_ABC2|17: 10550 2314 930 367 152 69 27 10 4 1 
1333|Child_ABC1|40|Mutated: 10722 2314 864 367 124 69 27 10 4 1 
1334|Child_ABC1|28: 10661 2314 864 367 124 69 27 10 4 1 
1506|Child_Avg|27|Mutated: 10550 2314 864 367 132 69 27 10 4 1 
1539|Child_ABC1|4|Mutated: 9675 2314 864 367 124 69 27 10 4 1 
1540|Child_ABC2|53: 9467 2314 864 367 124 69 27 10 4 1 
1541|Child_Cross21|26: 10342 2314 864 367 124 69 27 10 4 1 
1579|Child_Cross21|2|Mutated: 10605 2314 864 367 124 69 27 10 4 1 
1581|Child_ABC1|52: 10550 2314 864 367 137 69 27 10 4 1 
1645|Child_Cross12|25|Mutated: 10548 2314 864 367 137 69 27 10 4 1 
1646|Child_ABC2|41: 10552 2314 864 367 137 69 27 10 4 1 
1648|Child_ABC2|17: 10549 2314 864 367 137 69 27 10 4 1 
1650|Child_ABC2|53: 10547 2314 864 367 137 69 27 10 4 1 
1664|Child_Cross21|14|Mutated: 11698 2314 864 367 137 69 27 10 4 1 
1665|Child_Avg|39: 11123 2314 864 367 137 69 27 10 4 1 
1666|Child_ABC2|5: 10000 2314 864 367 137 69 27 10 4 1 
1667|Child_ABC2|17: 10251 2314 864 367 137 69 27 10 4 1 
1668|Child_Cross12|13: 10800 2314 864 367 137 69 27 10 4 1 
1669|Child_Avg|15: 10652 2314 864 367 137 69 27 10 4 1 
1671|Child_ABC1|16: 10359 2314 864 367 137 69 27 10 4 1 
1672|Child_Avg|39: 10454 2314 864 367 137 69 27 10 4 1 
1673|Child_ABC1|16: 10545 2314 864 367 137 69 27 10 4 1 
1675|Child_ABC1|40: 10797 2314 864 367 137 69 27 10 4 1 
1676|Child_Avg|15: 10590 2314 864 367 137 69 27 10 4 1 
1677|Child_Avg|51: 10641 2314 864 367 137 69 27 10 4 1 
1678|Child_ABC2|5: 10659 2314 864 367 137 69 27 10 4 1 
1679|Child_ABC1|16: 10600 2314 864 367 137 69 27 10 4 1 
1680|Child_Cross12|25: 10633 2314 864 367 137 69 27 10 4 1 
1681|Child_Cross21|26: 10646 2314 864 367 137 69 27 10 4 1 
1682|Child_ABC1|40: 10581 2314 864 367 137 69 27 10 4 1 
1683|Child_Cross21|50: 10597 2314 864 367 137 69 27 10 4 1 
1684|Child_Cross12|13: 10637 2314 864 367 137 69 27 10 4 1 
1686|Child_ABC1|16: 10620 2314 864 367 137 69 27 10 4 1 
1687|Child_Cross21|26: 10589 2314 864 367 137 69 27 10 4 1 
1689|Child_ABC2|17: 10627 2314 864 367 137 69 27 10 4 1 
1691|Child_ABC1|16: 10559 2314 864 367 137 69 27 10 4 1 
1692|Child_Cross12|1: 10604 2314 864 367 137 69 27 10 4 1 
1693|Child_ABC2|29: 10618 2314 864 367 137 69 27 10 4 1 
1694|Child_ABC2|29: 10592 2314 864 367 137 69 27 10 4 1 
1695|Child_Cross21|2: 10578 2314 864 367 137 69 27 10 4 1 
1696|Child_Cross12|1: 10601 2314 864 367 137 69 27 10 4 1 
1698|Child_ABC2|29: 10582 2314 864 367 137 69 27 10 4 1 
1699|Child_ABC2|17: 10556 2314 864 367 137 69 27 10 4 1 
1700|Child_ABC1|16: 10566 2314 864 367 137 69 27 10 4 1 
1701|Child_Cross12|37: 10598 2314 864 367 137 69 27 10 4 1 
1702|Child_ABC2|5: 10603 2314 864 367 137 69 27 10 4 1 
1704|Child_Cross21|2: 10596 2314 864 367 137 69 27 10 4 1 
1830|Child_ABC2|17|Mutated: 10260 2314 864 367 137 69 27 10 4 1 
1831|Child_ABC1|4: 10626 2314 864 367 137 69 27 10 4 1 
1866|Child_Cross12|13|Mutated: 10589 2314 864 375 137 69 27 10 4 1 
1869|Child_ABC1|40: 10589 2314 864 366 137 69 27 10 4 1 
1899|Child_Cross12|49|Mutated: 10122 2314 864 375 137 69 27 10 4 1 
1935|Child_Cross21|2|Mutated: 10621 2314 864 375 137 69 27 10 4 1 
1936|Child_ABC1|16: 10620 2314 864 375 137 69 27 10 4 1 
1937|Child_ABC2|53: 10587 2314 864 375 137 69 27 10 4 1 
1938|Child_Avg|39: 10604 2314 864 375 137 69 27 10 4 1 
1970|Child_ABC2|17|Mutated: 10660 2314 864 375 137 69 27 10 4 1 
2158|Child_ABC2|41|Mutated: 10589 2314 864 389 137 69 27 10 4 1 
2296|Child_ABC1|28|Mutated: 11516 2314 864 375 137 69 27 10 4 1 
2297|Child_Avg|51: 11052 2314 864 375 137 69 27 10 4 1 
2370|Child_Cross21|50|Mutated: 10441 2314 864 375 137 69 27 10 4 1 
2371|Child_Avg|51: 10515 2314 864 375 137 69 27 10 4 1 
2373|Child_Avg|39: 10552 2314 864 375 137 69 27 10 4 1 
2374|Child_Cross21|26: 10537 2314 864 375 137 69 27 10 4 1 
2424|Child_ABC2|53|Mutated: 10701 2314 864 375 137 69 27 10 4 1 
2425|Child_Avg|27: 10608 2314 864 375 137 69 27 10 4 1 
2502|Child_ABC1|40|Mutated: 9942 2314 864 375 137 69 27 10 4 1 
2503|Child_Avg|51: 10228 2314 864 375 137 69 27 10 4 1 
2505|Child_ABC1|52: 10443 2314 864 375 137 69 27 10 4 1 
2506|Child_Avg|3: 10479 2314 864 375 137 69 27 10 4 1 
2694|Child_Cross12|13|Mutated: 9600 2314 864 375 137 69 27 10 4 1 
2696|Child_ABC2|41: 10822 2314 864 375 137 69 27 10 4 1 
2697|Child_Avg|39: 10286 2314 864 375 137 69 27 10 4 1 
2698|Child_ABC2|53: 9701 2314 864 375 137 69 27 10 4 1 
2699|Child_Cross21|14: 10439 2314 864 375 137 69 27 10 4 1 
2700|Child_Cross21|2: 10252 2314 864 375 137 69 27 10 4 1 
2702|Child_Avg|51: 10282 2314 864 375 137 69 27 10 4 1 
2703|Child_Cross21|14: 10108 2314 864 375 137 69 27 10 4 1 
2704|Child_Avg|3: 10298 2314 864 375 137 69 27 10 4 1 
2706|Child_Cross21|14: 10789 2314 864 375 137 69 27 10 4 1 
2707|Child_Avg|51: 10595 2314 864 375 137 69 27 10 4 1 
2708|Child_Avg|51: 10499 2314 864 375 137 69 27 10 4 1 
2709|Child_Cross21|2: 10543 2314 864 375 137 69 27 10 4 1 
2710|Child_ABC2|29: 10754 2314 864 375 137 69 27 10 4 1 
2711|Child_ABC2|53: 10749 2314 864 375 137 69 27 10 4 1 
2712|Child_Cross12|37: 10574 2314 864 375 137 69 27 10 4 1 
2713|Child_ABC1|16: 10524 2314 864 375 137 69 27 10 4 1 
2714|Child_ABC2|53: 10602 2314 864 375 137 69 27 10 4 1 
2715|Child_Cross12|1: 10744 2314 864 375 137 69 27 10 4 1 
2716|Child_Cross12|25: 10534 2314 864 375 137 69 27 10 4 1 
2717|Child_Avg|3: 10572 2314 864 375 137 69 27 10 4 1 
2718|Child_Avg|27: 10593 2314 864 375 137 69 27 10 4 1 
2719|Child_ABC2|17: 10578 2314 864 375 137 69 27 10 4 1 
2720|Child_ABC1|40: 10564 2314 864 375 137 69 27 10 4 1 
2721|Child_Cross21|50: 10566 2314 864 375 137 69 27 10 4 1 
2743|Child_Avg|15|Mutated: 10336 2314 864 375 137 69 27 10 4 1 
2837|Child_Cross12|13|Mutated: 10420 2314 864 375 137 69 27 10 4 1 
2989|Child_Avg|51|Mutated: 9968 2314 864 375 137 69 27 10 4 1 
3066|Child_ABC1|16|Mutated: 10566 2314 864 389 137 69 27 10 4 1 
3171|Child_Cross12|13|Mutated: 9852 2314 864 375 137 69 27 10 4 1 
3172|Child_ABC1|16: 10848 2314 864 375 137 69 27 10 4 1 
3229|Child_Cross12|13|Mutated: 10566 2019 864 375 137 69 27 10 4 1 
3238|Child_ABC2|29|Mutated: 10566 2394 864 375 137 69 27 10 4 1 
3300|Child_ABC2|41|Mutated: 11882 2314 864 375 137 69 27 10 4 1 
3405|Child_Avg|51|Mutated: 10566 2017 864 375 137 69 27 10 4 1 
3407|Child_ABC2|53|Mutated: 10440 2314 864 375 137 69 27 10 4 1 
3408|Child_ABC1|28: 10544 2314 864 375 137 69 27 10 4 1 
3426|Child_Cross21|26|Mutated: 9697 2314 864 375 137 69 27 10 4 1 
3427|Child_ABC2|17: 10235 2314 864 375 137 69 27 10 4 1 
3429|Child_Avg|3: 10300 2314 864 375 137 69 27 10 4 1 
3430|Child_ABC2|29: 10598 2314 864 375 137 69 27 10 4 1 
3431|Child_ABC1|16: 10232 2314 864 375 137 69 27 10 4 1 
3433|Child_ABC1|28: 10195 2314 864 375 137 69 27 10 4 1 
3435|Child_Cross21|38: 10475 2314 864 375 137 69 27 10 4 1 
3436|Child_ABC2|53: 10222 2314 864 375 137 69 27 10 4 1 
3440|Child_ABC1|52: 10283 2314 864 375 137 69 27 10 4 1 
3441|Child_Cross12|25: 10850 2314 864 375 137 69 27 10 4 1 
3442|Child_Cross21|2: 10054 2314 864 375 137 69 27 10 4 1 
3444|Child_Cross21|38: 10718 2314 864 375 137 69 27 10 4 1 
3445|Child_ABC1|40: 10144 2314 864 375 137 69 27 10 4 1 
3446|Child_ABC1|52: 10138 2314 864 375 137 69 27 10 4 1 
3447|Child_Cross12|25: 10127 2314 864 375 137 69 27 10 4 1 
3449|Child_Cross12|49: 10707 2314 864 375 137 69 27 10 4 1 
3450|Child_Cross12|37: 10601 2314 864 375 137 69 27 10 4 1 
3527|Child_Cross21|2|Mutated: 10127 2314 941 375 137 69 27 10 4 1 
3645|Child_Avg|51|Mutated: 10758 2314 864 375 137 69 27 10 4 1 
3712|Child_Cross12|49|Mutated: 10127 2281 864 375 137 69 27 10 4 1 
3870|Child_Cross21|2|Mutated: 10127 2156 864 375 137 69 27 10 4 1 
3972|Child_Avg|3|Mutated: 10241 2314 864 375 137 69 27 10 4 1 
3974|Child_Cross12|25: 10159 2314 864 375 137 69 27 10 4 1 
3976|Child_Cross21|50: 10165 2314 864 375 137 69 27 10 4 1 
3978|Child_ABC2|29: 10205 2314 864 375 137 69 27 10 4 1 
3979|Child_Avg|39: 10182 2314 864 375 137 69 27 10 4 1 
3984|Child_ABC1|16: 10168 2314 864 375 137 69 27 10 4 1 
3985|Child_ABC2|53: 10176 2314 864 375 137 69 27 10 4 1 
3988|Child_ABC1|52: 10191 2314 864 375 137 69 27 10 4 1 
3992|Child_Avg|3: 10162 2314 864 375 137 69 27 10 4 1 
3993|Child_ABC1|28: 10139 2314 864 375 137 69 27 10 4 1 
3995|Child_ABC2|29: 10224 2314 864 375 137 69 27 10 4 1 
3999|Child_ABC2|41: 10171 2314 864 375 137 69 27 10 4 1 
4002|Child_ABC1|28: 10113 2314 864 375 137 69 27 10 4 1 
4003|Child_ABC1|52: 10140 2314 864 375 137 69 27 10 4 1 
4006|Child_ABC2|53: 10177 2314 864 375 137 69 27 10 4 1 
4008|Child_ABC2|17: 10201 2314 864 375 137 69 27 10 4 1 
4009|Child_ABC2|53: 10178 2314 864 375 137 69 27 10 4 1 
4010|Child_Avg|39: 10161 2314 864 375 137 69 27 10 4 1 
4012|Child_ABC1|40: 10134 2314 864 375 137 69 27 10 4 1 
4014|Child_ABC2|53: 10169 2314 864 375 137 69 27 10 4 1 
4015|Child_Cross12|1: 10172 2314 864 375 137 69 27 10 4 1 
4048|Child_Cross21|14|Mutated: 10658 2314 864 375 137 69 27 10 4 1 
4050|Child_ABC2|41: 10541 2314 864 375 137 69 27 10 4 1 
4055|Child_ABC1|28: 10498 2314 864 375 137 69 27 10 4 1 
4061|Child_ABC1|28: 10553 2314 864 375 137 69 27 10 4 1 
4062|Child_Cross12|37: 10557 2314 864 375 137 69 27 10 4 1 
4063|Child_ABC2|29: 10510 2314 864 375 137 69 27 10 4 1 
4065|Child_ABC1|16: 10409 2314 864 375 137 69 27 10 4 1 
4066|Child_ABC2|29: 10548 2314 864 375 137 69 27 10 4 1 