70|Child|4: 10416 2420 896 446 177 79 31 10 4 1 
213|Child|2: 3637 1407 536 283 122 56 21 10 4 1 
325|Child|2: 8082 2333 783 320 123 68 23 10 4 1 
487|Random|99: 8687 2032 722 292 115 61 20 9 4 1 
1290|Child|1: 5649 1501 598 235 110 48 23 10 4 1 
2425|Child|22: 8619 1878 545 247 116 52 19 10 4 1 
3817|Child|2: 10599 3573 1153 496 203 120 61 19 10 4 1 
3994|Child|2: 11930 4649 1783 841 268 113 61 23 10 4 1 
5176|Child|1: 3816 1498 444 199 104 56 21 10 4 1 
23|Survivor|1: 8627 2908 1272 407 222 132 57 23 10 4 1 
36|Child|33: 10021 2908 1272 407 222 132 57 23 10 4 1 
45|Child|38|Mutated: 10021 2442 1107 403 222 132 57 23 10 4 1 
46|Survivor|2: 10021 2908 1272 403 222 132 57 23 10 4 1 
47|Child|50|Mutated: 11141 2908 1272 407 222 132 57 23 10 4 1 
50|Child|32|Mutated: 10232 2908 1272 407 222 132 57 23 10 4 1 
58|Child|24|Mutated: 10157 2908 1272 458 222 132 57 23 10 4 1 
65|Child|22: 10961 2908 1272 458 222 132 57 23 10 4 1 
93|Child|11|Mutated: 10647 2908 1272 458 222 132 57 23 10 4 1 
97|Child|19: 10157 3215 1272 458 222 132 57 23 10 4 1 
104|Child|33|Mutated: 10647 2908 1233 458 222 132 57 23 10 4 1 
133|Child|18|Mutated: 10647 3380 1272 458 222 132 57 23 10 4 1 
153|Survivor|6|Mutated: 10647 2748 1083 505 222 132 57 23 10 4 1 
176|Child|24|Mutated: 10647 2899 1083 505 222 132 57 23 10 4 1 
183|Child|46|Mutated: 10647 3175 1191 505 222 132 57 23 10 4 1 
218|Child|31|Mutated: 10576 3175 1191 505 222 132 57 23 10 4 1 
222|Child|14: 10812 3175 1191 505 222 132 57 23 10 4 1 
252|Child|9|Mutated: 11012 3175 1191 505 222 132 57 23 10 4 1 
353|Child|13|Mutated: 10631 3175 1191 505 222 132 57 23 10 4 1 
404|Child|11|Mutated: 10852 3175 1191 505 222 132 57 23 10 4 1 
609|Child|41|Mutated: 11030 3175 1191 505 222 132 57 23 10 4 1 
643|Survivor|6|Mutated: 10927 3175 1191 505 222 132 57 23 10 4 1 
669|Child|16|Mutated: 11342 3175 1191 505 222 132 57 23 10 4 1 
794|Child|44|Mutated: 11552 3175 1191 505 222 132 57 23 10 4 1 
805|Child|46|Mutated: 11597 3175 1191 505 222 132 57 23 10 4 1 
861|Child|13|Mutated: 10930 3175 1191 505 222 132 57 23 10 4 1 
872|Child|18|Mutated: 10594 3175 1191 505 222 132 57 23 10 4 1 
950|Child|16|Mutated: 11149 3175 1191 505 222 132 57 23 10 4 1 
980|Child|24|Mutated: 10647 3175 1301 505 222 132 57 23 10 4 1 
1069|Child|32|Mutated: 11201 3175 1191 505 222 132 57 23 10 4 1 
1087|Child|36|Mutated: 11777 3175 1191 505 222 132 57 23 10 4 1 
1180|Child|21|Mutated: 10658 3175 1191 505 222 132 57 23 10 4 1 
1214|Child|13|Mutated: 11064 3175 1191 505 222 132 57 23 10 4 1 
1229|Survivor|5|Mutated: 11170 3175 1191 505 222 132 57 23 10 4 1 
1237|Survivor|6|Mutated: 10245 3175 1191 505 222 132 57 23 10 4 1 
1264|Child|12|Mutated: 10327 3175 1191 505 222 132 57 23 10 4 1 
1321|Child|38|Mutated: 10658 2818 1191 505 222 132 57 23 10 4 1 
1442|Survivor|2|Mutated: 10658 3146 1191 505 222 132 57 23 10 4 1 
1486|Child|24|Mutated: 11547 3175 1191 505 222 132 57 23 10 4 1 
1641|Child|42|Mutated: 11876 3175 1191 505 222 132 57 23 10 4 1 
1675|Child|21|Mutated: 10781 3175 1191 505 222 132 57 23 10 4 1 
1714|Child|46: 11731 3175 1191 505 222 132 57 23 10 4 1 
1728|Survivor|2|Mutated: 11448 3175 1191 505 222 132 57 23 10 4 1 
1743|Child|46|Mutated: 10658 3115 1191 505 222 132 57 23 10 4 1 
1745|Child|21|Mutated: 11081 3175 1191 505 222 132 57 23 10 4 1 
1828|Child|5|Mutated: 11633 3175 1191 505 222 132 57 23 10 4 1 
1834|Child|15|Mutated: 10658 3126 1191 505 222 132 57 23 10 4 1 
1838|Survivor|4|Mutated: 10658 3175 1191 534 256 132 57 23 10 4 1 
1946|Survivor|2|Mutated: 10998 3175 1191 505 222 132 57 23 10 4 1 
2002|Child|44|Mutated: 10658 3055 1191 505 222 132 57 23 10 4 1 
2012|Child|1|Mutated: 10851 3175 1191 505 222 132 57 23 10 4 1 
2084|Child|14|Mutated: 11244 3175 1191 505 222 132 57 23 10 4 1 
2098|Child|27|Mutated: 10401 3175 1191 505 222 132 57 23 10 4 1 
2139|Child|1|Mutated: 10977 3175 1191 505 222 132 57 23 10 4 1 
2205|Child|6|Mutated|Validated: 11052 3175 1191 505 222 132 57 23 10 4 1 
2206|Survivor|10|Mutated: 11388 3175 1191 505 222 132 57 23 10 4 1 
2218|Child|44|Mutated: 10569 3175 1191 505 222 132 57 23 10 4 1 
2297|Child|8|Mutated: 10427 3010 1258 505 222 132 57 23 10 4 1 
2319|Child|49|Mutated: 11436 3175 1191 505 222 132 57 23 10 4 1 
2331|Child|30|Mutated: 10658 3734 1310 505 222 132 57 23 10 4 1 
2385|Child|19|Mutated: 10978 3175 1191 505 222 132 57 23 10 4 1 
2415|Survivor|1|Mutated: 10658 3020 1130 505 222 132 57 23 10 4 1 
2495|Child|10|Mutated: 10526 3175 1191 505 222 132 57 23 10 4 1 
2588|Child|37|Mutated: 10900 3175 1191 505 222 132 57 23 10 4 1 
2608|Child|48: 10903 3175 1191 505 222 132 57 23 10 4 1 
2615|Child|3|Mutated: 10755 3175 1191 505 222 132 57 23 10 4 1 
2619|Survivor|4|Mutated: 10658 3074 1191 505 222 132 57 23 10 4 1 
2639|Child|10|Mutated: 10658 3273 1191 505 222 132 57 23 10 4 1 
2690|Child|25|Mutated: 10658 3225 1191 505 222 132 57 23 10 4 1 
2737|Child|39|Mutated: 10658 2882 1191 505 222 132 57 23 10 4 1 
2743|Child|48|Mutated|Validated: 10691 3184 1191 505 222 132 57 23 10 4 1 
2756|Child|34|Mutated: 10798 3175 1191 505 222 132 57 23 10 4 1 
2805|Child|27|Mutated: 10481 3175 1191 505 222 132 57 23 10 4 1 
2854|Child|32|Mutated: 10658 3175 1225 505 222 132 57 23 10 4 1 
2858|Survivor|10|Mutated: 11343 3175 1191 505 222 132 57 23 10 4 1 
2860|Child|1|Mutated: 11454 3175 1191 505 222 132 57 23 10 4 1 
2862|Child|12|Mutated: 10562 3175 1191 505 222 132 57 23 10 4 1 
2928|Child|37: 10722 3175 1191 505 222 132 57 23 10 4 1 
2945|Survivor|2|Mutated: 11262 3175 1191 505 222 132 57 23 10 4 1 
2958|Child|6|Mutated: 10658 3314 1191 505 222 132 57 23 10 4 1 
2986|Child|44|Mutated: 10658 3238 1191 505 222 132 57 23 10 4 1 
3076|Child|49|Mutated: 10658 3175 1206 505 222 132 57 23 10 4 1 
3115|Child|41|Mutated: 10658 3307 1191 505 222 132 57 23 10 4 1 
3129|Child|12: 10773 3175 1191 505 222 132 57 23 10 4 1 
3155|Child|10|Mutated: 10740 3175 1191 505 222 132 57 23 10 4 1 
3181|Child|1|Mutated: 11102 3175 1191 505 222 132 57 23 10 4 1 
3282|Child|29|Mutated: 11534 3175 1191 505 222 132 57 23 10 4 1 
3451|Child|12|Mutated: 11857 3175 1191 505 222 132 57 23 10 4 1 
3457|Child|44|Mutated: 10658 3014 1191 505 222 132 57 23 10 4 1 
3514|Survivor|5|Mutated: 10683 3175 1191 505 222 132 57 23 10 4 1 
3517|Child|16|Mutated: 10932 3175 1191 505 222 132 57 23 10 4 1 
3660|Child|9|Mutated: 10936 3175 1191 505 222 132 57 23 10 4 1 
3667|Child|45|Mutated: 10910 3175 1191 505 222 132 57 23 10 4 1 
3726|Child|6|Mutated: 11197 3175 1191 505 222 132 57 23 10 4 1 
3729|Child|14|Mutated: 10932 3175 1244 505 222 132 57 23 10 4 1 
3736|Child|47|Mutated: 10932 3232 1191 505 222 132 57 23 10 4 1 
3810|Child|42|Mutated: 10932 3175 1191 572 232 132 57 23 10 4 1 
3814|Child|30: 10676 3175 1191 505 222 132 57 23 10 4 1 
3829|Child|9|Mutated: 10801 3175 1274 577 222 132 57 23 10 4 1 
3830|Survivor|2: 10932 3167 1191 505 222 132 57 23 10 4 1 
3893|Child|33|Mutated: 10932 3010 1191 505 222 132 57 23 10 4 1 
3900|Child|4|Mutated: 10932 3175 1191 560 222 132 57 23 10 4 1 
3914|Child|47|Mutated: 10807 3175 1191 505 222 132 57 23 10 4 1 
3962|Child|44|Mutated: 10364 3175 1191 505 222 132 57 23 10 4 1 
3997|Survivor|2|Mutated: 10932 3264 1191 505 222 132 57 23 10 4 1 
3998|Survivor|2: 10822 3175 1191 505 222 132 57 23 10 4 1 
4017|Child|26|Mutated: 11483 3175 1191 505 222 132 57 23 10 4 1 
4140|Child|14|Mutated: 10932 3477 1191 505 222 132 57 23 10 4 1 
4155|Child|19|Mutated: 11015 3175 1191 505 222 132 57 23 10 4 1 
4159|Child|17|Mutated: 11271 3175 1191 505 222 132 57 23 10 4 1 
4248|Child|16|Mutated: 10937 3175 1191 505 222 132 57 23 10 4 1 
4262|Survivor|9|Mutated: 11129 3175 1191 505 222 132 57 23 10 4 1 
4282|Child|2|Mutated: 10974 3175 1191 505 222 132 57 23 10 4 1 
4332|Child|30|Mutated: 10932 3326 1191 505 222 132 57 23 10 4 1 
4333|Survivor|2: 10932 3323 1191 505 222 132 57 23 10 4 1 
4382|Child|16|Mutated: 11628 3175 1191 505 222 132 57 23 10 4 1 
4503|Child|10|Mutated: 10637 3175 1191 505 222 132 57 23 10 4 1 
4524|Child|8|Mutated: 11055 3175 1191 505 222 132 57 23 10 4 1 
4567|Child|39|Mutated: 11131 3175 1191 505 222 132 57 23 10 4 1 
4731|Child|26|Mutated: 10830 3175 1191 505 222 132 57 23 10 4 1 
4755|Child|13|Mutated: 11337 3175 1191 505 222 132 57 23 10 4 1 
4779|Child|6: 11205 3175 1191 505 222 132 57 23 10 4 1 
4853|Child|21|Mutated: 10757 3175 1191 505 222 132 57 23 10 4 1 
4860|Child|11|Mutated: 11451 3175 1191 505 222 132 57 23 10 4 1 
4898|Child|37|Mutated: 10141 3175 1191 505 222 132 57 23 10 4 1 
4972|Child|25|Mutated: 10940 3175 1191 563 222 132 57 23 10 4 1 
5012|Child|45: 11203 3175 1191 505 222 132 57 23 10 4 1 
5047|Child|37|Mutated: 11669 3175 1191 505 222 132 57 23 10 4 1 
5148|Child|15|Mutated: 11748 3175 1191 505 222 132 57 23 10 4 1 
5226|Child|42|Mutated: 11650 3175 1191 505 222 132 57 23 10 4 1 
5230|Child|50|Mutated: 10786 3175 1191 505 222 132 57 23 10 4 1 
5261|Child|47|Mutated: 10420 3175 1191 505 222 132 57 23 10 4 1 
5298|Child|30|Mutated: 11283 3175 1191 505 222 132 57 23 10 4 1 
5372|Survivor|7|Mutated: 10890 3175 1191 505 222 132 57 23 10 4 1 
5385|Child|32|Mutated: 11819 3175 1191 505 222 132 57 23 10 4 1 
5418|Child|34|Mutated: 10830 3175 1268 505 222 132 57 23 10 4 1 
5435|Child|34|Mutated: 11402 3174 1191 505 222 132 57 23 10 4 1 
5530|Child|1|Mutated: 10093 3175 1191 505 222 132 57 23 10 4 1 
5556|Survivor|2|Mutated: 11243 3175 1191 505 222 132 57 23 10 4 1 
5593|Child|1|Mutated: 10558 3175 1191 505 222 132 57 23 10 4 1 
5594|Survivor|2: 11309 3175 1191 505 222 132 57 23 10 4 1 
5599|Child|9|Mutated: 10268 3175 1191 505 222 132 57 23 10 4 1 
5710|Child|30|Mutated: 10830 3426 1191 505 222 132 57 23 10 4 1 
5717|Child|9|Mutated: 11885 3175 1191 505 222 132 57 23 10 4 1 
5762|Child|26|Mutated|Validated: 10818 3175 1191 505 222 132 57 23 10 4 1 
5763|Child|10|Mutated: 11019 3175 1191 505 222 132 57 23 10 4 1 
5788|Child|50|Mutated: 10825 3175 1191 505 222 132 57 23 10 4 1 
5840|Child|3|Mutated: 10830 3104 1191 505 222 132 57 23 10 4 1 
5881|Survivor|1|Mutated: 10830 3206 1191 505 222 132 57 23 10 4 1 
5882|Child|14|Mutated: 10610 3012 1191 505 222 132 57 23 10 4 1 
5895|Child|13|Mutated: 11174 3175 1191 505 222 132 57 23 10 4 1 
5896|Survivor|5|Mutated: 10733 3175 1191 505 222 132 57 23 10 4 1 
5949|Child|21|Mutated: 10830 2843 1191 505 222 132 57 23 10 4 1 
5956|Child|35|Mutated: 11508 3175 1191 505 222 132 57 23 10 4 1 
6|Child_Avg|19: 4880 1868 754 295 140 72 27 10 4 1 
25|Child_Cross|25: 3337 1365 580 264 110 72 27 10 4 1 
146|Survivor|1: 3563 1110 472 205 79 28 13 4 1 
158|Child_Cross|41: 2628 823 375 162 69 28 11 4 1 
186|Survivor|1: 5093 1628 672 387 132 55 27 8 3 1 
657|Survivor|1: 3888 1281 477 254 117 69 27 10 4 1 
683|Child_Avg|51: 3701 1444 645 297 136 50 21 10 4 1 
753|Survivor|1: 2865 1043 442 188 109 57 23 10 4 1 
754|Child_Cross|25: 3808 1267 545 249 98 57 23 10 4 1 
803|Child_Cross|5: 2432 938 378 163 75 29 9 4 1 
868|Survivor|1: 3272 1070 459 169 74 28 12 5 1 
1035|Child_Levy|60: 3314 1301 505 233 106 57 24 7 3 1 
1037|Child_Cross|30: 3925 1472 511 261 127 57 23 8 3 1 
1406|Survivor|1: 2859 1042 457 178 91 52 20 9 4 1 
1556|Child_Avg|39: 5677 1886 721 354 143 73 29 10 4 1 
1899|Survivor|1: 2271 1009 368 142 67 24 9 4 1 
2005|Child_Avg|11: 2737 1080 480 229 117 58 24 9 4 1 
2383|Child_Cross|65: 4084 1645 616 318 145 66 27 10 4 1 
2427|Survivor|1|Mutated: 2969 1128 502 193 75 27 10 4 1 
2705|Survivor|1: 4365 1563 598 239 132 45 27 10 4 1 
2798|Survivor|1: 4702 1335 520 179 85 32 13 4 1 
2924|Child_Levy|8: 3914 1669 584 255 108 75 29 9 4 1 
3202|Survivor|1: 3933 1884 592 224 102 59 24 9 4 1 
3378|Child_Cross|41: 5079 1519 674 293 118 73 24 11 4 1 
3653|Survivor|1: 2979 1048 437 188 73 35 11 4 1 
3656|Child_Cross|53: 3262 1128 411 195 76 25 14 4 1 
3866|Survivor|1: 3392 1378 551 211 94 56 24 9 4 1 
3876|Child_Avg|55: 3668 1144 549 250 104 57 23 8 3 1 
3985|Child_Levy|28: 2775 1175 488 239 141 59 21 10 4 1 
3991|Survivor|1: 3316 1202 443 200 106 60 21 10 4 1 
4048|Survivor|1: 2938 947 399 183 76 27 10 4 1 
4063|Survivor|1|Mutated: 2938 934 418 183 76 27 10 4 1 
4508|Child_Levy|4: 3368 1363 563 221 133 65 24 9 4 1 
4755|Child_Cross|61: 2345 880 371 156 70 24 9 4 1 
4814|Child_Avg|59: 4830 1357 457 262 111 50 24 9 4 1 
5186|Child_Cross|21: 9441 2218 803 355 158 81 28 12 5 1 
5354|Child_Levy|68: 4779 1411 635 283 103 71 23 10 4 1 
5421|Child_Avg|39: 3502 1291 531 220 103 53 22 8 3 1 
5548|Child_Cross|62: 4968 1350 673 238 132 61 24 9 4 1 
5686|Survivor|1: 2331 1046 420 176 81 29 10 4 1 
5692|Child_Cross|66: 2572 986 406 172 81 28 11 4 1 
5706|Survivor|1: 2801 1027 412 178 80 27 10 4 1 
5762|Child_Cross|38: 2610 896 427 164 79 27 10 4 1 
8|Child_Cross12|49: 8821 2772 939 425 156 72 27 10 4 1 
14|Child_Cross12|13: 7596 2489 858 394 137 72 27 10 4 1 
15|Child_Cross21|14: 5695 1954 779 328 131 72 27 10 4 1 
129|Child_Cross12|25|Mutated: 5695 1954 779 328 141 72 27 10 4 1 
135|Child_Cross21|2|Mutated: 5695 1711 762 328 131 72 27 10 4 1 
138|Child_ABC2|17: 5695 1940 771 328 131 72 27 10 4 1 
139|Child_ABC2|29: 5695 1959 776 328 131 72 27 10 4 1 
142|Child_ABC2|53: 5695 1949 772 328 131 72 27 10 4 1 
143|Child_Avg|27: 5695 1944 771 328 131 72 27 10 4 1 
144|Child_Cross12|1: 5695 1956 777 328 131 72 27 10 4 1 
147|Child_Cross12|25: 5695 1956 772 328 131 72 27 10 4 1 
380|Child_Avg|39|Mutated: 4874 1956 772 328 131 72 27 10 4 1 
385|Child_ABC2|5: 5614 1956 772 328 131 72 27 10 4 1 
386|Child_ABC1|16: 5622 1956 772 328 131 72 27 10 4 1 
387|Child_ABC2|17: 5166 1956 772 328 131 72 27 10 4 1 
388|Child_Cross21|38: 5072 1956 772 328 131 72 27 10 4 1 
390|Child_ABC2|41: 5216 1956 772 328 131 72 27 10 4 1 
392|Child_Avg|15: 5120 1956 772 328 131 72 27 10 4 1 
393|Child_Avg|3: 4939 1956 772 328 131 72 27 10 4 1 
394|Child_Cross21|26: 5135 1956 772 328 131 72 27 10 4 1 
395|Child_Cross21|2: 5204 1956 772 328 131 72 27 10 4 1 
396|Child_Cross12|49: 5105 1956 772 328 131 72 27 10 4 1 
397|Child_ABC2|5: 5134 1956 772 328 131 72 27 10 4 1 
398|Child_ABC1|16: 5169 1956 772 328 131 72 27 10 4 1 
399|Child_Cross12|13: 5185 1956 772 328 131 72 27 10 4 1 
400|Child_ABC1|40: 5136 1956 772 328 131 72 27 10 4 1 
401|Child_Cross12|13: 5153 1956 772 328 131 72 27 10 4 1 
402|Child_ABC1|52: 5151 1956 772 328 131 72 27 10 4 1 
403|Child_Cross21|26: 5164 1956 772 328 131 72 27 10 4 1 
404|Child_Avg|15: 5168 1956 772 328 131 72 27 10 4 1 
405|Child_Cross12|37: 5152 1956 772 328 131 72 27 10 4 1 
506|Child_Avg|3|Mutated: 5151 1928 772 328 131 72 27 10 4 1 
696|Child_Avg|51|Mutated: 5400 1956 772 328 131 72 27 10 4 1 
747|Child_Cross21|50|Mutated: 4936 1956 772 328 131 72 27 10 4 1 
807|Child_ABC2|17|Mutated: 5151 1790 772 328 131 72 27 10 4 1 
1123|Child_Cross12|13|Mutated: 5151 1642 772 328 131 72 27 10 4 1 
1228|Child_ABC1|40|Mutated: 5151 1634 772 328 131 72 27 10 4 1 
1375|Child_Cross21|26|Mutated: 5151 1955 772 328 131 72 27 10 4 1 
1411|Child_Avg|15|Mutated: 5151 1804 811 328 131 72 27 10 4 1 
1419|Child_ABC1|16|Mutated: 4973 1956 772 328 131 72 27 10 4 1 
1699|Child_ABC2|29|Mutated: 5151 1817 772 328 131 72 27 10 4 1 
1721|Child_ABC2|17|Mutated: 5040 1956 772 328 131 72 27 10 4 1 
1727|Child_Cross12|1|Mutated: 4995 1956 772 328 131 72 27 10 4 1 
1806|Child_Cross12|49|Mutated: 5151 1853 772 328 131 63 27 10 4 1 
1863|Child_ABC1|28|Mutated: 5151 1956 705 328 131 72 27 10 4 1 
1921|Child_Cross12|37|Mutated: 4856 1956 772 328 131 72 27 10 4 1 
1980|Child_ABC2|17|Mutated: 5151 1913 772 328 131 72 27 10 4 1 
2030|Child_ABC2|29|Mutated: 5151 1956 772 328 149 72 27 10 4 1 
2170|Child_Avg|51|Mutated: 5576 1956 772 328 131 72 27 10 4 1 
2171|Child_ABC1|28: 5098 1956 772 328 131 72 27 10 4 1 
2267|Child_Avg|39|Mutated: 5088 1956 772 328 131 72 27 10 4 1 
2317|Child_Cross21|14|Mutated: 5151 1849 772 328 131 72 27 10 4 1 
2392|Child_Cross12|49|Mutated: 5021 1956 772 328 131 72 27 10 4 1 
2519|Survivor|1|Mutated: 5151 1956 792 328 131 72 27 10 4 1 
2878|Child_Avg|3|Mutated: 4873 1956 772 328 131 72 27 10 4 1 
2880|Child_ABC1|28: 4952 1956 772 328 131 72 27 10 4 1 
3136|Child_Cross21|50|Mutated: 5448 1956 772 328 131 72 27 10 4 1 
3137|Child_ABC1|40: 5184 1956 772 328 131 72 27 10 4 1 
3139|Child_Avg|3: 5167 1956 772 328 131 72 27 10 4 1 
3141|Child_ABC1|4: 5155 1956 772 328 131 72 27 10 4 1 
3187|Child_ABC1|4|Mutated: 5151 1620 772 328 131 72 27 10 4 1 
3236|Child_ABC2|53|Mutated: 5086 1956 772 328 131 72 27 10 4 1 
3237|Child_ABC2|53: 5053 1956 772 328 131 72 27 10 4 1 
3238|Child_Avg|39: 5085 1956 772 328 131 72 27 10 4 1 
3240|Child_Cross12|49: 5170 1956 772 328 131 72 27 10 4 1 
3271|Child_ABC2|41|Mutated: 5151 1956 822 328 131 72 27 10 4 1 
3359|Child_Avg|27|Mutated: 5236 1956 772 328 131 72 27 10 4 1 
3361|Child_ABC2|41: 5302 1956 772 328 131 72 27 10 4 1 
3375|Child_Avg|3|Mutated: 5151 1951 772 328 131 72 27 10 4 1 
3603|Child_Cross12|13|Mutated: 5151 1956 772 328 141 72 27 10 4 1 
3678|Child_Avg|51|Mutated: 5119 1956 772 328 131 72 27 10 4 1 
3704|Child_ABC2|17|Mutated: 4820 1956 772 328 131 72 27 10 4 1 
3792|Child_Cross21|2|Mutated: 5151 1956 798 328 131 72 27 10 4 1 
3939|Child_Cross12|25|Mutated: 5151 1956 731 328 131 72 27 10 4 1 
3971|Child_Avg|51|Mutated: 5199 1956 772 328 131 72 27 10 4 1 
4046|Child_Cross12|37|Mutated: 5151 1633 772 328 131 72 27 10 4 1 
4048|Child_ABC2|41: 5151 1636 772 328 131 72 27 10 4 1 
4308|Child_Cross21|26|Mutated: 4770 1956 772 328 131 72 27 10 4 1 
4445|Child_Avg|51|Mutated: 4745 1956 772 328 131 72 27 10 4 1 
4493|Child_Cross12|25|Mutated: 5151 2044 772 328 131 72 27 10 4 1 
4651|Child_Cross12|37|Mutated: 5151 1898 772 328 131 72 27 10 4 1 
4741|Child_Cross21|26|Mutated: 5151 1956 772 328 131 60 23 10 4 1 
4981|Child_ABC2|17|Mutated: 5007 1956 772 328 131 72 27 10 4 1 
5008|Child_Avg|39|Mutated: 5151 1926 772 328 131 72 27 10 4 1 
5013|Child_ABC1|52: 5151 1948 772 328 131 72 27 10 4 1 
5153|Child_Cross21|2|Mutated: 5132 1926 772 328 131 72 27 10 4 1 
5213|Child_Cross21|50|Mutated: 4796 1926 772 328 131 72 27 10 4 1 
5230|Child_ABC1|40|Mutated: 5132 2037 772 328 131 72 27 10 4 1 
5267|Child_Cross12|25|Mutated: 5132 1926 772 328 149 72 27 10 4 1 
5430|Child_Avg|39|Mutated: 4869 1926 772 328 131 72 27 10 4 1 
5735|Child_Cross12|37|Mutated: 5132 1753 772 328 131 72 27 10 4 1 
5837|Child_ABC2|29|Mutated: 5132 1971 772 328 131 72 27 10 4 1 