367|Child|1: 8029 1656 802 263 124 49 21 10 4 1
2013|Child|1: 8703 1812 672 345 119 62 24 9 4 1
2176|Child|1: 10254 2449 1190 523 208 109 55 24 9 4 1
2192|Child|1: 10649 2709 989 523 189 92 32 13 4 1
2326|Child|1: 8091 2190 614 324 129 77 29 9 4 1
2361|Child|1: 8498 1809 798 263 126 57 26 8 3 1
2616|Child|1: 10983 2423 792 336 119 61 23 10 4 1
2969|Child|8: 5645 1457 612 241 136 57 27 14 4 1
3133|Child|2: 3849 1688 640 239 109 57 23 10 4 1
5115|Child|1: 4958 1549 728 259 113 61 23 10 3 1
12|Child|14: 10080 2076 956 424 177 72 27 10 4 1
23|Child|11: 10080 2294 1044 424 177 72 27 10 4 1
25|Child|39|Mutated: 10080 2243 956 424 177 72 27 10 4 1
32|Child|2: 10080 2076 956 377 177 72 27 10 4 1
45|Survivor|8|Mutated: 10080 2076 956 415 177 72 27 10 4 1
52|Child|12|Mutated: 10080 2076 959 377 177 72 27 10 4 1
53|Child|24|Mutated: 10080 2452 956 377 177 72 27 10 4 1
55|Child|41|Mutated: 9398 2076 956 377 177 72 27 10 4 1
59|Survivor|9: 10080 2076 956 361 166 72 27 10 4 1
62|Child|43: 9398 2199 956 377 177 72 27 10 4 1
73|Child|26|Mutated: 9398 2147 956 377 177 72 27 10 4 1
87|Child|22|Mutated: 9398 2076 765 377 177 72 27 10 4 1
107|Child|6|Mutated: 8803 2076 765 377 177 72 27 10 4 1
127|Child|3|Mutated: 9398 2076 765 361 177 72 27 10 4 1
316|Child|7|Mutated: 9398 2076 901 377 177 72 27 10 4 1
322|Child|24|Mutated: 8622 2076 901 377 177 72 27 10 4 1
327|Child|40|Mutated: 9556 2076 901 377 177 72 27 10 4 1
386|Child|13|Mutated: 9378 2076 901 377 177 72 27 10 4 1
431|Child|36|Mutated: 9772 2076 901 377 177 72 27 10 4 1
449|Child|23|Mutated: 9072 2076 901 377 177 72 27 10 4 1
499|Child|3|Mutated: 9059 2076 901 377 177 72 27 10 4 1
519|Child|18|Mutated: 9106 2076 901 377 177 72 27 10 4 1
543|Child|48|Mutated: 9795 2076 901 377 177 72 27 10 4 1
563|Survivor|3|Mutated: 9071 2076 901 377 177 72 27 10 4 1
641|Survivor|6|Mutated: 9133 2076 901 377 177 72 27 10 4 1
670|Child|14|Mutated: 9409 2076 901 377 177 72 27 10 4 1
679|Survivor|10|Mutated: 8897 2076 901 377 177 72 27 10 4 1
722|Child|38|Mutated: 8793 2253 901 377 177 72 27 10 4 1
736|Child|14|Mutated: 9334 2076 901 377 177 72 27 10 4 1
775|Child|10|Mutated: 9552 2076 901 377 165 72 27 10 4 1
794|Child|27|Mutated: 9239 2076 901 377 177 72 27 10 4 1
861|Child|50|Mutated: 9071 2076 870 377 177 72 27 10 4 1
862|Child|16|Mutated: 9756 2076 901 377 177 72 27 10 4 1
899|Child|4|Mutated: 9603 2076 901 377 177 72 27 10 4 1
919|Child|38|Mutated: 9071 2076 901 377 165 72 27 10 4 1
1014|Child|5|Mutated: 9071 2076 901 356 165 72 27 10 4 1
1041|Child|2|Mutated: 9008 2076 901 377 165 72 27 10 4 1
1118|Child|3|Mutated: 8820 2076 901 377 165 72 27 10 4 1
1137|Child|26|Mutated: 9381 2076 901 377 165 72 27 10 4 1
1141|Child|27|Mutated: 9454 2076 901 377 165 72 27 10 4 1
1149|Child|48|Mutated: 9071 2369 999 377 165 72 27 10 4 1
1154|Child|5|Mutated: 8797 2076 901 377 165 72 27 10 4 1
1167|Child|26|Mutated: 9713 2076 901 377 165 72 27 10 4 1
1201|Child|43|Mutated: 9071 2076 901 352 165 72 27 10 4 1
1212|Child|19|Mutated: 9071 2139 901 377 165 72 27 10 4 1
1294|Child|32|Mutated: 9071 2022 900 377 165 72 27 10 4 1
1368|Child|15|Mutated: 9071 2148 901 377 165 72 27 10 4 1
1385|Child|31|Mutated: 9254 2076 901 377 165 72 27 10 4 1
1391|Child|50|Mutated: 9071 2076 832 377 165 72 27 10 4 1
1410|Child|43|Mutated: 9589 2076 901 377 165 72 27 10 4 1
1428|Child|11|Mutated: 9071 2076 927 377 165 72 27 10 4 1
1519|Child|34|Mutated: 9018 2076 901 377 165 72 27 10 4 1
1564|Child|30|Mutated: 9018 2310 901 377 165 72 27 10 4 1
1593|Child|11|Mutated: 8713 2076 901 377 165 72 27 10 4 1
1597|Child|29|Mutated: 9018 2001 901 377 165 72 27 10 4 1
1671|Child|34|Mutated: 9339 2076 901 377 165 72 27 10 4 1
1700|Survivor|3|Mutated: 9677 2076 901 377 165 72 27 10 4 1
1714|Survivor|2|Mutated: 9018 1915 901 377 165 72 27 10 4 1
1775|Child|37|Mutated: 9018 2076 901 356 165 72 27 10 4 1
1835|Survivor|9|Mutated: 9527 2076 901 377 165 72 27 10 4 1
1875|Survivor|10|Mutated: 9018 2076 901 370 165 72 27 10 4 1
1876|Survivor|5|Mutated: 9018 1977 901 377 165 72 27 10 4 1
1879|Child|47|Mutated: 9264 2076 901 377 165 72 27 10 4 1
1882|Child|31|Mutated: 9657 2076 901 377 165 72 27 10 4 1
1900|Child|3|Mutated: 8885 2076 901 377 165 72 27 10 4 1
1917|Child|30|Mutated: 9292 2076 901 377 165 72 27 10 4 1
2006|Child|3|Mutated: 9018 2192 901 377 165 72 27 10 4 1
2049|Child|31|Mutated: 9018 2102 951 377 165 72 27 10 4 1
2056|Child|44|Mutated: 9018 2195 901 377 165 72 27 10 4 1
2067|Survivor|7|Mutated: 9018 2313 901 377 165 72 27 10 4 1
2071|Child|22: 9018 2447 901 377 165 72 27 10 4 1
2100|Child|31|Mutated: 9218 2076 901 377 165 72 27 10 4 1
2148|Child|24|Mutated: 9291 2076 901 377 165 72 27 10 4 1
2212|Survivor|9|Mutated: 9439 2076 901 377 165 72 27 10 4 1
2246|Child|47|Mutated: 8832 2076 901 377 165 72 27 10 4 1
2298|Child|28|Mutated: 9557 2076 901 377 165 72 27 10 4 1
2308|Child|8|Mutated: 9018 2076 838 377 165 72 27 10 4 1
2312|Child|35|Mutated: 9018 2216 901 377 165 72 27 10 4 1
2380|Survivor|8|Mutated: 9018 2076 798 377 165 72 27 10 4 1
2514|Child|28|Mutated: 8936 2076 901 377 165 72 27 10 4 1
2555|Child|12|Mutated: 8676 2076 901 377 165 72 27 10 4 1
2583|Survivor|3|Mutated: 9848 2076 901 377 165 72 27 10 4 1
2621|Survivor|10|Mutated: 9280 2076 901 377 165 72 27 10 4 1
2635|Child|20|Mutated: 9018 2457 901 377 165 72 27 10 4 1
2651|Survivor|9|Mutated: 8966 2076 901 377 165 72 27 10 4 1
2662|Child|38|Mutated: 9374 2076 901 377 165 72 27 10 4 1
2674|Child|20|Mutated: 9018 2076 901 322 165 72 27 10 4 1
2710|Child|43|Mutated: 9018 2076 901 394 165 72 27 10 4 1
2729|Child|4|Mutated: 9018 2346 901 377 165 72 27 10 4 1
2730|Survivor|9|Mutated: 9770 2076 901 377 165 72 27 10 4 1
2780|Child|23|Mutated: 9018 2076 859 377 165 72 27 10 4 1
2806|Child|31|Mutated: 9018 2076 933 377 165 72 27 10 4 1
2884|Child|9|Mutated: 8957 2076 901 377 165 72 27 10 4 1
2908|Child|2|Mutated: 9543 2076 901 377 165 72 27 10 4 1
2914|Child|28|Mutated: 9561 2076 901 377 165 72 27 10 4 1
2939|Child|12|Mutated: 9018 2076 901 377 177 72 27 10 4 1
3042|Child|26|Mutated: 9462 2076 901 377 165 72 27 10 4 1
3234|Child|23|Mutated: 8729 2076 901 377 165 72 27 10 4 1
3259|Child|20|Mutated: 7596 2076 901 377 165 72 27 10 4 1
3282|Child|35|Mutated: 9778 2076 901 377 165 72 27 10 4 1
3303|Survivor|9|Mutated: 9068 2076 901 377 165 72 27 10 4 1
3306|Survivor|10|Mutated: 9368 2076 901 377 165 72 27 10 4 1
3385|Child|12|Mutated: 8961 2019 901 377 165 72 27 10 4 1
3481|Child|10|Mutated: 9018 2076 901 380 165 72 27 10 4 1
3525|Child|36|Mutated: 9692 2076 901 377 165 72 27 10 4 1
3601|Child|19|Mutated: 8603 2076 901 380 165 72 27 10 4 1
3914|Child|28|Mutated: 9071 2076 735 376 165 72 27 10 4 1
3962|Survivor|6|Mutated: 9018 2076 813 380 165 72 27 10 4 1
3979|Child|37|Mutated: 9018 2097 901 380 165 72 27 10 4 1
3987|Child|21|Mutated: 9619 2076 901 380 165 72 27 10 4 1
4009|Child|15: 9018 2378 901 322 165 72 27 10 4 1
4051|Survivor|10|Mutated: 9650 2076 901 380 165 72 27 10 4 1
4216|Child|9|Mutated: 9018 2076 856 380 165 72 27 10 4 1
4222|Survivor|8|Mutated: 9671 2076 901 380 165 72 27 10 4 1
4226|Child|1|Mutated: 8826 2076 901 380 165 72 27 10 4 1
4261|Survivor|1|Mutated: 9126 2076 901 380 165 72 27 10 4 1
4281|Child|48|Mutated: 9018 2216 901 380 165 72 27 10 4 1
4313|Survivor|6|Mutated: 9018 2451 901 380 165 72 27 10 4 1
4360|Child|36|Mutated: 9018 2001 901 380 165 72 27 10 4 1
4380|Child|36|Mutated: 9122 2076 901 380 165 72 27 10 4 1
4468|Child|6|Mutated: 9414 2172 901 380 165 72 27 10 4 1
4469|Child|30|Mutated: 9653 2076 901 380 165 72 27 10 4 1
4607|Child|46|Mutated: 9018 2196 901 380 165 72 27 10 4 1
4613|Child|6|Mutated: 9192 2076 901 380 165 72 27 10 4 1
4617|Survivor|6|Mutated: 8724 2076 901 380 165 72 27 10 4 1
4718|Child|36|Mutated: 8918 2076 901 380 165 72 27 10 4 1
4744|Child|17|Mutated: 8639 2076 901 380 165 72 27 10 4 1
4821|Survivor|1|Mutated: 9018 2076 893 340 165 72 27 10 4 1
4837|Child|4|Mutated: 9112 2076 901 380 165 72 27 10 4 1
4864|Child|24|Mutated: 9267 2076 901 380 165 72 27 10 4 1
4874|Survivor|10|Mutated: 9025 2076 901 380 165 72 27 10 4 1
4971|Child|49|Mutated: 9041 2076 901 380 165 72 27 10 4 1
5008|Child|6|Mutated: 9156 2076 901 380 165 72 27 10 4 1
5253|Child|33|Mutated: 8691 2076 901 380 165 72 27 10 4 1
13|Child_Avg|43: 4708 1443 744 267 133 72 27 10 4 1
17|Survivor|1: 5141 1614 804 289 132 73 27 10 4 1
285|Child_Cross|1: 3793 1325 556 280 103 56 21 10 4 1
294|Child_Cross|58: 3520 1271 516 245 96 56 21 10 4 1
298|Child_Levy|64: 3503 1139 503 217 91 50 23 10 4 1
339|Survivor|1: 5402 1439 584 229 102 58 21 10 4 1
678|Survivor|1: 3506 1213 439 256 112 67 25 9 4 1
992|Survivor|1|Mutated: 3442 1292 503 279 122 57 23 10 4 1
1166|Survivor|1: 3359 1201 452 218 111 56 25 9 4 1
1195|Survivor|1: 2408 760 339 141 68 24 9 4 1
1434|Survivor|1: 2774 981 424 167 81 28 13 4 1
1511|Child_Cross|58|Mutated: 3640 1575 649 284 136 63 27 11 4 1
1749|Survivor|1: 4843 2089 833 299 117 68 25 10 4 1
2041|Child_Avg|15: 7895 2790 1052 375 142 70 27 10 4 1
2202|Child_Avg|19: 3756 1387 567 283 139 74 24 9 4 1
2240|Survivor|1: 3586 1445 538 225 110 70 24 9 4 1
2651|Survivor|1: 3390 1171 578 216 115 60 21 10 4 1
2762|Survivor|1: 4499 1381 532 262 99 51 25 10 3 1
2823|Survivor|1|Mutated: 2990 1174 522 246 115 56 21 10 4 1
3631|Survivor|1: 2986 1075 491 181 109 45 20 9 4 1
3883|Survivor|1: 4652 1311 558 255 129 61 28 13 4 1
4033|Child_Cross|50|Mutated: 3586 1400 577 251 102 54 23 10 4 1
4039|Child_Cross|9: 3354 1257 517 226 102 54 23 10 4 1
4109|Child_Cross|42: 4649 1430 485 229 105 64 24 9 4 1
4163|Child_Avg|3: 3521 1019 546 190 92 57 20 9 4 1
4190|Survivor|1: 5719 1782 653 315 110 56 24 9 4 1
4198|Child_Avg|47: 4327 1516 568 241 101 56 24 9 4 1
4228|Child_Levy|40: 3519 1201 585 297 136 66 28 11 4 1
4433|Child_Avg|59: 3897 1169 512 230 99 57 23 10 4 1
4618|Child_Cross|34: 3161 1163 440 206 97 50 21 10 4 1
4623|Survivor|1|Mutated: 3161 1163 440 206 115 50 21 10 4 1
4636|Child_Cross|26: 3441 1169 530 197 107 50 21 10 4 1
4651|Child_Cross|34: 3441 1169 563 218 107 50 21 10 4 1
4659|Child_Cross|5: 3441 1169 563 218 107 54 23 10 4 1
4768|Child_Cross|29: 3326 1060 507 175 104 55 21 10 4 1
4908|Child_Avg|27: 2228 799 330 148 70 23 10 4 1
4990|Child_Cross|14|Mutated: 3583 1126 515 200 92 61 24 9 4 1
5089|Child_Levy|32: 3503 1053 489 209 89 56 21 10 4 1
5144|Survivor|1: 3218 978 542 232 85 52 20 9 4 1
7|Child_Levy|12: 3786 1342 530 307 125 64 24 9 4 1
362|Survivor|1: 3319 1009 455 199 86 31 10 4 1
436|Survivor|1: 3008 1085 393 193 71 24 9 4 1
625|Child_Cross|34: 2891 1123 482 225 92 49 24 9 4 1
683|Survivor|1: 2766 950 389 177 76 24 9 4 1
891|Child_Cross|46: 2738 825 366 155 81 29 10 4 1
1527|Child_Cross|21: 3744 1238 598 265 119 59 24 9 4 1
1777|Survivor|1: 3412 1515 633 254 117 62 24 9 4 1
2461|Survivor|1|Mutated: 2774 1002 398 173 84 36 13 4 1
2505|Survivor|1: 2730 801 417 160 76 27 10 4 1
2901|Survivor|1: 4671 1384 485 231 111 50 24 9 4 1
2957|Child_Avg|7: 3483 1388 521 270 115 63 28 10 3 1
3128|Survivor|1: 2327 839 351 157 75 29 9 4 1
3317|Child_Avg|39|Mutated: 3432 1264 456 217 93 58 24 9 4 1
3394|Survivor|1|Mutated: 4931 1525 614 321 172 76 30 9 4 1
3630|Child_Cross|1: 2769 1059 460 181 75 28 13 4 1
3643|Child_Cross|54: 2795 1024 411 160 74 28 13 4 1
3757|Child_Levy|32: 3238 1337 542 239 108 59 24 9 4 1
4164|Survivor|1: 2633 988 407 168 93 32 13 4 1
4233|Survivor|1: 2393 794 301 132 62 24 9 4 1
4264|Survivor|1: 8015 1821 761 296 138 56 25 9 4 1
4336|Survivor|1: 2922 913 425 164 74 28 13 4 1
4434|Child_Cross|46: 3135 1380 529 240 117 65 27 10 4 1
5030|Child_Cross|57: 2779 823 393 143 75 28 11 4 1
5109|Child_Cross|25: 4347 1284 571 267 101 56 21 10 4 1
10|Child_Avg|3: 5102 1530 806 285 139 72 27 10 4 1
24|Child_LevyP1|30: 4918 1639 551 241 136 71 24 11 4 1
25|Child_Cross12|37: 4964 1760 674 256 123 72 27 10 4 1
29|Child_Cross12|37: 5041 1801 666 246 127 65 28 12 5 1
35|Child_ABC2|5: 5294 1511 666 290 127 65 28 12 5 1
47|Child_ABC1|40: 4869 1495 690 266 117 62 27 10 4 1
48|Child_ABC1|4: 4523 1438 684 263 125 62 27 10 4 1
51|Child_ABC2|17: 4779 1447 718 284 121 62 27 10 4 1
56|Child_ABC2|29: 4805 1449 645 284 120 62 27 10 4 1
57|Child_Avg|39: 4654 1449 606 282 113 61 29 10 4 1
79|Child_Avg|15: 4631 1458 604 282 114 61 29 10 4 1
82|Child_ABC1|40: 4625 1460 604 282 114 61 29 10 4 1
86|Child_Cross12|13|Mutated: 4622 1459 603 282 113 61 29 10 4 1
90|Child_ABC1|40: 4625 1446 604 282 115 61 29 10 4 1
92|Child_ABC2|17: 4625 1479 604 282 113 61 29 10 4 1
94|Child_ABC1|16: 4633 1479 604 282 113 61 29 10 4 1
96|Child_ABC1|28: 4631 1479 604 282 113 61 29 10 4 1
98|Child_Avg|15: 4630 1475 604 282 113 61 29 10 4 1
101|Child_ABC1|4: 4627 1479 604 282 113 61 29 10 4 1
102|Child_Cross12|37: 4626 1479 604 282 113 61 29 10 4 1
106|Child_Cross21|14|Mutated: 4626 1479 604 282 136 61 29 10 4 1
115|Child_Cross12|1|Mutated: 4976 1479 604 282 113 61 29 10 4 1
116|Child_Avg|15: 4801 1479 604 282 113 61 29 10 4 1
118|Child_ABC2|29: 4873 1479 604 282 113 61 29 10 4 1
120|Child_Avg|39: 4993 1479 604 282 113 61 29 10 4 1
121|Child_Avg|3: 4925 1479 604 282 113 61 29 10 4 1
122|Child_Avg|15: 4863 1479 604 282 113 61 29 10 4 1
123|Child_Cross21|26: 4926 1479 604 282 113 61 29 10 4 1
124|Child_Cross21|14: 4936 1479 604 282 113 61 29 10 4 1
128|Child_ABC2|29: 4913 1479 604 282 113 61 29 10 4 1
130|Child_ABC2|5: 4938 1479 604 282 113 61 29 10 4 1
131|Child_ABC2|41: 4941 1479 604 282 113 61 29 10 4 1
132|Child_Cross12|25: 4937 1479 604 282 113 61 29 10 4 1
133|Child_Cross12|1: 4920 1479 604 282 113 61 29 10 4 1
134|Child_Avg|27: 4930 1479 604 282 113 61 29 10 4 1
135|Child_Cross21|26: 4947 1479 604 282 113 61 29 10 4 1
137|Child_ABC1|28: 4931 1479 604 282 113 61 29 10 4 1
196|Child_Cross12|13|Mutated: 4925 1479 652 282 136 61 29 10 4 1
485|Child_ABC1|40|Mutated: 4925 1479 604 328 126 61 29 10 4 1
503|Child_LevyP2|43|Mutated: 4894 1511 602 277 117 60 28 11 4 1
563|Child_Avg|15|Mutated: 4925 1479 604 318 113 61 23 10 4 1
564|Child_Cross12|25: 4925 1479 604 282 113 61 23 10 4 1
779|Child_ABC1|16|Mutated: 4751 1479 604 282 113 61 23 10 4 1
1380|Child_Cross21|26|Mutated: 5247 1479 604 282 113 61 23 10 4 1
2190|Child_Cross12|1|Mutated: 4829 1479 604 282 113 61 23 10 4 1
2373|Child_Cross12|13|Mutated: 4864 1479 604 282 113 61 23 10 4 1
2374|Child_ABC2|5: 4897 1479 604 282 113 61 23 10 4 1
2375|Child_ABC2|5: 4924 1479 604 282 113 61 23 10 4 1
2376|Child_Avg|15: 4938 1479 604 282 113 61 23 10 4 1
2377|Child_ABC2|29: 4926 1479 604 282 113 61 23 10 4 1
2532|Survivor|1|Mutated: 5027 1479 604 282 113 61 23 10 4 1
2551|Child_ABC2|29|Mutated: 4757 1479 604 282 113 61 23 10 4 1
2773|Child_Cross21|26|Mutated: 4845 1479 604 282 113 61 23 10 4 1
2912|Child_ABC1|28|Mutated: 4869 1479 604 282 113 61 23 10 4 1
3011|Child_Avg|27|Mutated: 4925 1432 604 282 113 61 23 10 4 1
3241|Child_LevyABC2|48|Mutated: 4843 1395 655 264 129 58 24 9 4 1
3448|Child_Avg|15|Mutated: 5117 1479 604 282 113 61 23 10 4 1
3459|Child_ABC2|29|Mutated: 4925 1592 604 282 113 61 23 10 4 1
3650|Child_ABC2|41|Mutated: 4925 1348 604 282 113 61 23 10 4 1
3678|Child_ABC2|41|Mutated: 4925 1496 604 282 113 61 23 10 4 1
3926|Child_Cross12|13|Mutated: 5051 1479 604 282 113 61 23 10 4 1
4012|Child_ABC1|16|Mutated: 5009 1479 604 282 113 61 23 10 4 1
4407|Child_ABC1|28|Mutated: 5015 1479 604 282 113 61 23 10 4 1
4408|Child_ABC2|17: 4875 1479 604 282 113 61 23 10 4 1
4741|Child_Avg|27|Mutated: 5065 1479 604 282 113 61 23 10 4 1
4742|Child_ABC1|4: 4947 1479 604 282 113 61 23 10 4 1
4882|Child_Cross12|1|Mutated: 4925 1479 667 306 113 61 23 10 4 1
5021|Survivor|1|Mutated: 4876 1479 604 282 113 61 23 10 4 1
5025|Child_Cross21|38|Mutated: 4925 1557 604 282 113 61 23 10 4 1
5063|Child_Avg|15|Mutated: 4925 1551 604 262 113 61 23 10 4 1
5140|Child_ABC2|5|Mutated: 4812 1479 604 282 113 61 23 10 4 1
13|Survivor|1: 5449 2162 628 386 153 66 27 10 4 1
16|Child_Avg|51: 5479 1793 671 309 155 66 27 10 4 1
18|Child_Avg|39: 5416 1850 644 328 153 66 27 10 4 1
28|Child_ABC2|17: 4680 1221 533 278 142 62 27 10 4 1
37|Child_ABC1|40: 4731 1287 541 277 130 62 27 10 4 1
38|Child_ABC2|5: 5064 1278 542 282 127 62 27 10 4 1
39|Child_ABC2|29: 4653 1283 547 272 137 62 27 10 4 1
40|Child_ABC1|16: 4907 1316 566 289 120 62 27 10 4 1
45|Child_ABC2|29: 4854 1316 566 289 120 62 27 10 4 1
46|Child_ABC2|17: 4842 1321 558 292 121 62 27 10 4 1
47|Child_ABC1|28: 4841 1314 565 287 118 62 27 10 4 1
50|Survivor|1|Mutated: 4841 1314 656 287 118 62 27 10 4 1
51|Child_ABC1|4: 4856 1314 582 289 118 62 27 10 4 1
73|Child_Cross21|38|Mutated: 4976 1314 656 287 118 62 27 10 4 1
74|Child_Avg|15: 4908 1314 656 287 118 62 27 10 4 1
116|Child_Cross12|1|Mutated: 4841 1447 656 287 118 62 27 10 4 1
160|Child_ABC2|17|Mutated: 4674 1314 656 287 118 62 27 10 4 1
161|Child_Avg|51: 4757 1314 656 287 118 62 27 10 4 1
163|Child_ABC2|41: 4713 1314 656 287 118 62 27 10 4 1
165|Child_Cross21|38: 4761 1314 656 287 118 62 27 10 4 1
166|Child_ABC2|5: 4727 1314 656 287 118 62 27 10 4 1
167|Child_ABC1|16: 4828 1314 656 287 118 62 27 10 4 1
168|Child_Avg|3: 4794 1314 656 287 118 62 27 10 4 1
172|Child_ABC1|28: 4742 1314 656 287 118 62 27 10 4 1
173|Child_Cross21|50: 4744 1314 656 287 118 62 27 10 4 1
181|Child_Cross21|38: 4742 1401 656 287 118 62 27 10 4 1
562|Child_Cross21|26|Mutated: 5452 1479 656 287 118 62 27 10 4 1
571|Child_ABC2|53|Mutated: 5114 1437 656 287 118 62 27 10 4 1
572|Child_ABC2|53: 4923 1519 656 287 118 62 27 10 4 1
578|Child_Cross12|13: 4922 1535 656 287 118 62 27 10 4 1
579|Child_Cross21|14: 4923 1514 656 287 118 62 27 10 4 1
627|Child_Cross21|2|Mutated: 4865 1519 656 287 118 62 27 10 4 1
679|Child_Avg|3|Mutated: 4978 1519 656 287 118 62 27 10 4 1
680|Child_ABC1|4: 5019 1519 656 287 118 62 27 10 4 1
681|Child_Avg|3: 4936 1519 656 287 118 62 27 10 4 1
685|Child_Cross21|50: 4934 1519 656 287 118 62 27 10 4 1
686|Child_Cross21|2: 4938 1519 656 287 118 62 27 10 4 1
688|Child_Avg|51: 4930 1519 656 287 118 62 27 10 4 1
689|Child_ABC1|4: 4937 1519 656 287 118 62 27 10 4 1
721|Child_Cross12|49|Mutated: 4936 1519 656 287 118 62 24 9 4 1
841|Child_Cross21|26|Mutated: 4936 1519 656 287 132 62 24 9 4 1
925|Survivor|1|Mutated: 4936 1704 656 287 118 62 24 9 4 1
1179|Child_Cross12|13|Mutated: 4915 1519 656 287 118 62 24 9 4 1
1180|Child_Avg|27: 4925 1519 656 287 118 62 24 9 4 1
1181|Child_Cross21|38: 4927 1519 656 287 118 62 24 9 4 1
1196|Child_Cross21|50|Mutated: 5145 1519 656 287 118 62 24 9 4 1
1636|Child_Avg|15|Mutated: 4936 1473 656 287 118 62 24 9 4 1
1738|Child_Cross12|37|Mutated: 4936 1488 656 287 118 62 24 9 4 1
1781|Child_Cross12|1|Mutated: 4814 1519 656 287 141 62 24 9 4 1
1783|Child_ABC2|29: 4993 1519 656 287 132 62 24 9 4 1
1927|Child_Cross12|25|Mutated: 4919 1519 656 287 118 62 24 9 4 1
2558|Survivor|1|Mutated: 4936 1519 656 315 132 62 24 9 4 1
2620|Child_Avg|27|Mutated: 5036 1519 656 287 118 62 24 9 4 1
2842|Child_Cross12|49|Mutated: 4936 1534 656 287 118 62 24 9 4 1
2858|Child_Avg|27|Mutated: 4936 1519 645 287 118 62 24 9 4 1
2947|Child_ABC2|53|Mutated: 4936 1519 656 291 118 62 24 9 4 1
4152|Child_Cross21|50|Mutated: 5060 1519 656 287 118 62 24 9 4 1
4153|Child_ABC1|40: 5039 1519 656 287 118 62 24 9 4 1
4154|Child_ABC2|17: 5032 1519 656 287 118 62 24 9 4 1
4156|Child_ABC1|16: 5025 1519 656 287 118 62 24 9 4 1
4210|Child_ABC2|29|Mutated: 4936 1514 656 287 118 62 24 9 4 1
4426|Child_Cross12|37|Mutated: 5061 1519 656 287 118 62 24 9 4 1
4429|Child_Avg|39: 4951 1519 656 287 118 62 24 9 4 1
4431|Child_Cross12|49|Mutated: 4989 1519 656 287 118 62 24 9 4 1
4699|Child_Avg|15|Mutated: 4732 1519 656 287 118 62 24 9 4 1
4700|Child_ABC2|29|Mutated: 5083 1519 656 287 118 62 24 9 4 1
4701|Child_Cross21|14: 4834 1519 656 287 118 62 24 9 4 1
4750|Child_Cross21|50|Mutated: 5334 1519 656 287 118 62 24 9 4 1
4796|Child_Avg|39|Mutated: 4789 1519 656 287 118 62 24 9 4 1
4893|Child_Avg|15|Mutated: 4999 1519 656 287 118 62 24 9 4 1
