22|Child|2: 208 67 24 11 4 1
69|Random|68: 346 73 24 9 4 1
72|Child|2: 221 71 24 9 4 1
78|Child|2: 489 184 55 24 9 4 1
100|Child|15: 342 71 19 10 4 1
112|Child|13: 341 72 27 14 4 1
113|Child|1: 341 72 27 10 4 1
119|Child|11: 212 51 19 10 4 1
122|Child|2: 186 70 19 10 4 1
148|Child|2: 144 61 19 10 4 1
206|Child|16: 348 80 23 10 4 1
207|Child|3: 375 85 27 14 4 1
211|Child|38: 226 57 23 10 4 1
282|Child|33: 352 89 27 10 4 1
316|Child|37: 227 71 23 10 4 1
319|Child|6: 164 48 23 10 4 1
332|Child|2: 376 87 32 13 4 1
361|Child|1: 328 77 24 11 4 1
384|Child|3: 377 111 29 14 4 1
429|Child|44: 286 75 24 11 4 1
466|Child|10: 206 50 19 10 4 1
470|Random|59: 216 62 24 9 4 1
476|Child|12: 332 79 27 10 4 1
478|Child|3: 207 63 19 10 4 1
480|Child|10: 164 67 21 10 4 1
526|Random|83: 402 85 32 13 4 1
547|Child|2: 212 54 19 10 4 1
559|Child|2: 208 61 19 10 4 1
585|Child|2: 304 71 28 11 4 1
621|Child|25: 323 75 29 9 4 1
626|Child|2: 433 252 55 24 9 4 1
638|Child|13: 369 75 24 11 4 1
642|Child|6: 207 58 19 8 3 1
674|Child|20: 332 75 31 14 4 1
690|Child|2: 301 68 21 10 4 1
698|Child|31: 194 51 19 7 3 1
725|Child|15: 326 73 25 14 4 1
771|Child|2: 136 48 23 10 4 1
773|Child|2: 215 58 23 10 4 1
798|Child|9: 198 47 23 10 4 1
809|Random|87: 370 90 27 10 4 1
812|Child|2: 154 60 19 10 4 1
866|Child|2: 193 60 19 10 4 1
877|Child|10: 347 86 24 11 4 1
886|Child|46: 204 58 23 10 4 1
898|Child|1: 199 68 23 10 4 1
977|Child|1: 230 67 23 13 4 1
991|Random|89: 372 80 27 10 4 1
1008|Child|40: 230 67 23 10 4 1
1019|Child|28: 313 75 24 11 4 1
1027|Random|84: 392 83 33 14 4 1
1033|Child|2: 436 134 44 19 10 4 1
1052|Random|89: 366 83 27 10 4 1
1079|Child|4: 196 53 19 10 4 1
1086|Random|97: 220 56 21 10 4 1
1098|Child|1: 323 67 23 10 4 1
1110|Child|3: 471 154 51 19 10 4 1
1134|Child|24: 203 65 25 14 4 1
1153|Random|99: 313 74 24 9 4 1
1164|Random|76: 381 83 24 9 4 1
1184|Child|33: 225 67 23 10 4 1
1215|Child|7: 335 75 28 13 4 1
1229|Child|12: 397 86 27 14 4 1
1242|Random|55: 388 85 32 13 4 1
1245|Child|17: 397 86 27 10 4 1
1348|Child|1: 145 43 24 9 4 1
1386|Child|13: 194 51 19 10 4 1
1400|Child|1: 440 91 24 11 4 1
1510|Child|19: 177 53 17 10 4 1
1519|Child|48: 332 72 27 10 4 1
1535|Child|19: 329 73 27 10 4 1
1555|Child|11: 353 81 25 9 4 1
1569|Child|9: 348 83 27 10 4 1
1580|Child|12: 497 208 74 23 10 4 1
1587|Child|4: 326 70 19 10 4 1
1601|Child|2: 216 60 19 10 4 1
1615|Child|2: 174 62 19 10 4 1
1671|Random|87: 360 83 27 10 4 1
1730|Child|1: 285 62 24 9 4 1
1736|Random|98: 213 59 17 10 4 1
1766|Child|21: 340 74 31 14 4 1
1786|Child|2: 404 173 49 21 10 4 1
1792|Child|2: 392 80 23 13 4 1
1802|Child|4: 148 65 24 9 4 1
1812|Child|28: 373 81 23 10 4 1
1825|Child|1: 203 75 23 14 4 1
1885|Child|46: 343 76 24 9 4 1
1887|Child|19: 299 77 23 10 4 1
1893|Random|54: 368 93 28 11 4 1
1894|Child|3: 207 58 23 10 4 1
1900|Child|3: 198 49 21 10 4 1
1915|Child|14: 364 81 23 13 4 1
1925|Random|83: 217 62 27 10 4 1
1933|Random|74: 356 75 27 14 4 1
1955|Child|2: 497 201 56 25 9 4 1
1959|Child|1: 497 201 56 24 9 4 1
1960|Child|2: 334 80 24 9 4 1
1966|Child|1: 497 201 56 24 11 4 1
2075|Random|89: 207 59 24 9 4 1
2078|Child|1: 433 165 49 24 9 4 1
2094|Child|1: 216 51 19 10 4 1
2098|Child|2: 142 60 17 10 4 1
2123|Child|11: 118 53 19 10 4 1
2124|Child|2: 206 51 19 10 4 1
2131|Child|3: 429 132 42 19 8 3 1
2170|Random|57: 344 87 33 10 4 1
2239|Child|39: 353 79 25 14 4 1
2240|Child|2: 381 84 25 14 4 1
2254|Child|1: 454 129 45 19 10 4 1
2284|Child|2: 463 134 46 20 9 4 1
2303|Child|2: 352 77 23 14 4 1
2326|Child|3: 180 49 21 10 4 1
2369|Child|2: 290 80 23 10 4 1
2370|Child|2: 489 380 77 23 10 4 1
2373|Child|2: 453 284 61 23 10 4 1
2382|Child|1: 156 57 20 9 4 1
2415|Child|30: 198 58 21 10 4 1
2422|Child|1: 345 70 23 10 4 1
2526|Child|37: 182 70 19 10 4 1
2597|Child|1: 353 81 23 14 4 1
2598|Child|1: 353 81 23 10 4 1
2602|Child|4: 405 88 25 14 4 1
2624|Random|54: 201 55 20 9 4 1
2636|Random|98: 313 79 28 13 4 1
2641|Child|37: 153 54 23 10 4 1
2667|Random|59: 338 77 24 9 4 1
2686|Child|3: 361 90 27 14 4 1
2734|Child|35: 344 79 24 9 4 1
2745|Child|31: 451 91 27 14 4 1
2754|Child|2: 216 62 19 10 4 1
2798|Child|33: 222 60 19 10 4 1
2811|Child|14: 457 143 61 24 9 4 1
2901|Child|2: 362 85 25 14 4 1
2950|Child|13: 141 57 23 10 4 1
2951|Child|2: 153 52 19 10 4 1
2955|Child|9: 224 63 19 10 4 1
2966|Random|57: 144 54 20 9 4 1
2982|Child|18: 203 62 19 10 4 1
3040|Child|5: 477 348 70 31 11 4 1
3051|Child|22: 158 52 19 10 4 1
3054|Child|2: 379 107 43 19 10 4 1
3057|Child|2: 150 45 19 10 4 1
3125|Random|88: 468 269 66 21 10 4 1
3130|Child|10: 355 76 31 10 4 1
3133|Child|2: 393 251 59 21 10 4 1
3149|Child|15: 361 87 27 14 4 1
3203|Child|8: 325 73 24 9 4 1
3210|Child|3: 147 63 19 10 4 1
3215|Child|2: 139 54 19 10 4 1
3270|Child|28: 428 310 68 24 9 4 1
3274|Child|1: 375 81 23 10 4 1
3308|Child|3: 323 66 21 10 4 1
3314|Child|3: 367 79 24 9 4 1
3377|Child|18: 354 77 27 14 4 1
3446|Child|2: 196 61 19 10 4 1
3457|Child|3: 212 64 24 9 4 1
3482|Child|4: 359 83 23 13 4 1
3484|Child|39: 364 83 24 9 4 1
3535|Child|2: 214 67 23 10 4 1
3674|Child|1: 388 80 27 10 4 1
3695|Child|4: 201 52 24 9 4 1
3723|Random|53: 343 70 24 9 4 1
3726|Child|1: 409 84 29 9 4 1
3732|Child|2: 383 91 29 10 4 1
3789|Child|9: 415 110 31 10 4 1
3811|Child|1: 145 56 21 10 4 1
3812|Child|1: 145 56 21 10 3 1
3818|Child|8: 382 98 21 10 4 1
3879|Child|44: 363 79 27 10 4 1
3939|Child|2: 353 91 29 14 4 1
3974|Child|16: 388 81 23 14 4 1
3975|Child|1: 388 81 23 10 4 1
4020|Child|1: 185 55 21 10 4 1
4035|Child|1: 314 66 23 14 4 1
4038|Child|1: 350 77 29 9 4 1
4044|Child|6: 350 77 29 14 4 1
4063|Child|2: 147 56 17 10 4 1
4098|Random|83: 146 55 21 10 4 1
4104|Child|38: 220 66 21 10 4 1
4115|Child|1: 207 77 28 11 4 1
4139|Child|2: 211 61 19 10 4 1
4149|Random|75: 236 58 23 10 4 1
4150|Random|62: 369 84 29 10 4 1
4175|Random|98: 376 82 29 14 4 1
4182|Child|1: 207 62 19 10 4 1
4238|Random|95: 459 210 65 27 10 4 1
4286|Child|4: 215 52 19 10 4 1
4324|Child|28: 204 70 24 9 4 1
4434|Random|88: 481 385 80 28 11 4 1
4441|Child|6: 409 143 39 21 10 4 1
4456|Child|2: 185 67 21 10 4 1
4459|Child|1: 351 71 23 10 4 1
4505|Child|1: 360 84 23 13 4 1
4521|Child|27: 327 72 23 14 4 1
4563|Child|41: 297 69 29 14 4 1
4566|Child|7: 369 83 27 10 4 1
4592|Child|24: 351 76 24 9 4 1
4618|Child|13: 435 175 45 23 10 4 1
4708|Random|57: 387 78 21 10 4 1
4749|Child|1: 296 87 23 10 4 1
4783|Child|29: 328 73 19 10 4 1
4790|Child|2: 198 80 23 14 4 1
4821|Child|5: 183 51 19 10 4 1
4839|Child|4: 496 207 61 29 10 4 1
4843|Child|2: 496 207 61 23 10 4 1
4852|Child|2: 347 78 23 10 4 1
4865|Child|37: 392 93 27 10 4 1
4869|Child|2: 185 60 21 10 4 1
4897|Child|7: 200 55 19 13 4 1
4920|Child|1: 200 55 19 10 4 1
4925|Child|4: 459 137 41 19 10 4 1
4927|Random|54: 309 85 25 14 4 1
4934|Child|2: 415 172 49 21 10 4 1
4939|Child|2: 334 70 19 10 4 1
4962|Random|85: 348 77 29 14 4 1
5067|Child|3: 173 52 19 10 4 1
5126|Child|29: 345 74 23 10 4 1
5146|Child|19: 308 80 27 10 4 1
5151|Child|41: 189 57 20 9 4 1
5178|Random|52: 436 136 49 17 10 4 1
5214|Child|2: 220 73 23 13 4 1
5272|Child|5: 319 67 21 10 4 1
5284|Child|2: 141 43 17 10 4 1
5355|Random|56: 316 82 28 11 4 1
5365|Random|99: 498 405 89 27 10 4 1
5368|Random|98: 320 67 24 9 4 1
5421|Child|1: 356 84 23 10 4 1
5424|Child|1: 356 84 23 14 4 1
5445|Child|20: 339 73 23 10 4 1
5447|Child|1: 148 43 17 10 4 1
5468|Random|64: 218 84 29 9 4 1
5482|Child|26: 195 60 19 10 4 1
5515|Random|53: 299 68 24 9 4 1
5516|Child|2: 466 289 61 24 9 4 1
5532|Child|2: 335 79 24 9 4 1
5540|Child|1: 143 42 19 10 4 1
5572|Child|12: 186 77 24 9 4 1
5642|Child|1: 432 142 49 21 10 4 1
5650|Child|1: 182 67 21 10 4 1
5681|Child|1: 165 72 19 10 4 1
5744|Child|18: 331 72 23 14 4 1
5772|Child|3: 148 54 23 10 4 1
5779|Child|3: 215 61 23 10 4 1
5789|Random|86: 315 76 25 14 4 1
5853|Child|22: 196 70 29 9 4 1
5895|Child|18: 394 86 23 14 4 1
5899|Child|1: 350 84 23 10 4 1
5903|Child|5: 350 84 23 13 4 1
5914|Child|37: 376 87 25 14 4 1
5959|Child|2: 200 60 19 10 4 1
5968|Child|5: 365 93 29 10 4 1
5985|Child|35: 401 85 27 14 4 1
5989|Child|29: 291 80 23 10 4 1
5991|Child|16: 185 57 21 10 4 1
6003|Child|1: 289 70 29 9 4 1
6053|Child|1: 339 90 27 10 4 1
6057|Random|95: 339 86 35 11 4 1
6074|Child|2: 316 70 23 10 4 1
6075|Child|2: 194 71 23 10 4 1
6094|Child|24: 316 70 23 13 4 1
6098|Child|2: 383 80 23 10 4 1
6104|Child|2: 383 80 23 13 4 1
6137|Child|1: 383 80 23 14 4 1
6145|Child|2: 334 74 29 10 4 1
6164|Child|15: 212 60 21 10 4 1
6186|Child|1: 192 45 21 10 4 1
6222|Child|10: 196 66 20 9 4 1
6229|Child|1: 291 61 23 10 4 1
6253|Child|1: 198 72 23 14 4 1
6297|Random|82: 331 67 21 10 4 1
6309|Child|41: 366 77 23 10 4 1
6311|Child|4: 437 173 60 19 10 4 1
6339|Random|84: 206 74 24 9 4 1
6340|Child|2: 448 164 49 24 9 4 1
6361|Child|8: 207 76 25 14 4 1
6439|Child|7: 195 68 24 9 4 1
6444|Random|98: 452 93 27 10 4 1
6475|Child|21: 311 66 23 14 4 1
6476|Random|77: 316 78 29 14 4 1
6490|Child|1: 450 127 45 21 10 4 1
6533|Child|11: 191 68 20 9 4 1
6543|Random|81: 325 69 29 14 4 1
6572|Child|7: 310 70 23 10 4 1
6573|Child|2: 465 167 67 23 10 4 1
6600|Child|2: 223 85 24 9 4 1
6602|Child|11: 385 81 29 10 4 1
6603|Child|2: 192 54 19 10 4 1
6621|Child|1: 488 192 50 19 10 4 1
6675|Child|2: 142 44 19 10 4 1
6677|Random|73: 388 80 21 10 4 1
6683|Child|2: 372 81 21 10 4 1
6757|Child|28: 315 78 24 11 4 1
6783|Random|78: 190 68 21 10 4 1
6808|Child|2: 210 57 23 10 4 1
6809|Child|2: 317 71 23 10 4 1
6827|Child|3: 317 71 23 13 4 1
6841|Child|29: 372 103 27 10 4 1
6849|Child|2: 136 53 17 10 4 1
6882|Child|2: 452 127 43 19 10 4 1
6913|Child|9: 366 89 27 10 4 1
6956|Child|3: 176 58 23 10 4 1
6978|Child|2: 337 69 28 11 4 1
7009|Child|2: 328 71 24 11 4 1
7026|Child|4: 372 89 31 14 4 1
7080|Random|66: 214 66 21 10 4 1
7084|Random|77: 384 84 23 14 4 1
7086|Random|57: 384 86 31 10 4 1
7094|Child|25: 429 94 31 14 4 1
7138|Child|1: 148 53 17 10 4 1
7151|Random|77: 382 92 29 10 4 1
7152|Random|51: 432 92 28 13 4 1
7211|Child|4: 487 145 61 24 9 4 1
7216|Child|21: 177 74 23 10 4 1
7220|Child|6: 211 59 24 9 4 1
7223|Child|2: 373 83 27 10 4 1
7271|Child|29: 421 91 24 11 4 1
7304|Child|2: 327 77 21 10 4 1
7305|Child|16: 380 79 29 9 4 1
7338|Random|60: 184 51 19 10 4 1
7403|Child|1: 307 80 23 14 4 1
7414|Child|19: 307 80 23 10 4 1
7431|Child|2: 483 155 49 17 10 4 1
7436|Random|95: 154 55 21 10 4 1
7443|Child|2: 383 88 21 10 4 1
7466|Child|1: 198 54 19 10 4 1
7486|Child|2: 228 70 23 10 4 1
7487|Child|2: 175 67 23 10 4 1
7502|Random|64: 431 318 77 24 11 4 1
7530|Child|18: 206 54 24 11 4 1
7532|Child|2: 213 59 21 10 4 1
7569|Child|12: 195 67 23 14 4 1
7576|Random|81: 377 94 28 13 4 1
7589|Child|3: 359 76 24 9 4 1
7592|Child|1: 205 55 24 9 4 1
7602|Child|14: 374 79 24 9 4 1
7643|Child|30: 187 67 23 10 4 1
7721|Child|6: 184 73 24 9 4 1
7737|Random|82: 364 80 25 14 4 1
7740|Child|1: 311 80 23 10 4 1
7787|Random|94: 205 56 21 10 4 1
7788|Child|2: 211 53 17 10 4 1
7821|Random|57: 388 87 28 13 4 1
7848|Child|10: 398 81 25 9 4 1
7857|Random|72: 152 48 21 10 4 1
7884|Child|2: 147 41 19 10 4 1
7893|Child|20: 383 89 23 14 4 1
7919|Child|22: 381 90 27 14 4 1
7925|Child|39: 198 63 20 9 4 1
7926|Child|11: 174 70 23 10 4 1
7927|Child|2: 483 223 67 23 10 4 1
7970|Child|49: 375 87 25 14 4 1
7973|Child|10: 328 72 19 10 4 1
7990|Child|29: 498 373 81 23 10 4 1
8008|Child|4: 217 70 23 10 4 1
8020|Child|5: 343 81 28 13 4 1
8028|Child|2: 217 78 23 10 4 1
8047|Random|76: 285 64 24 9 4 1
8060|Random|88: 417 97 28 11 4 1
8069|Child|10: 447 99 28 11 4 1
8086|Child|2: 360 77 23 14 4 1
8087|Child|1: 360 77 23 10 4 1
8096|Random|70: 339 70 29 9 4 1
8154|Child|33: 206 55 20 9 4 1
8155|Child|7: 177 51 19 10 4 1
8176|Child|49: 354 91 25 14 4 1
8193|Child|10: 365 83 27 10 4 1
8211|Child|4: 311 84 23 10 4 1
8214|Child|12: 361 81 28 13 4 1
8234|Child|5: 334 76 33 9 4 1
8237|Child|2: 465 169 52 24 9 4 1
8241|Child|1: 310 67 24 9 4 1
8280|Random|58: 356 95 31 14 4 1
8281|Child|12: 323 65 25 14 4 1
8282|Child|13: 362 91 33 9 4 1
8288|Child|10: 323 65 25 9 4 1
8341|Child|2: 476 153 64 29 9 4 1
8371|Child|2: 341 70 23 14 4 1
8398|Child|1: 325 69 24 11 4 1
8440|Child|1: 151 61 23 10 4 1
8448|Child|1: 149 47 23 10 4 1
8455|Child|11: 209 52 24 9 4 1
8488|Random|90: 344 73 27 10 4 1
8500|Child|10: 344 73 27 14 4 1
8539|Child|12: 210 61 23 10 4 1
8547|Child|30: 185 53 17 10 4 1
8551|Child|2: 218 61 19 10 4 1
8554|Child|2: 202 62 19 10 4 1
8566|Child|2: 440 120 52 19 10 4 1
8583|Child|4: 187 80 23 10 4 1
8604|Child|11: 371 84 25 14 4 1
8631|Child|2: 212 58 23 10 4 1
8670|Child|5: 369 81 25 9 4 1
8673|Child|14: 149 62 19 10 4 1
8682|Child|3: 198 67 23 10 4 1
8784|Child|1: 199 45 21 10 4 1
8800|Child|1: 227 51 19 10 4 1
8830|Child|5: 326 91 32 13 4 1
8866|Child|1: 377 79 24 9 4 1
8935|Child|1: 477 251 58 23 10 4 1
8936|Child|2: 296 94 23 10 4 1
8954|Child|15: 351 83 24 9 4 1
9018|Child|1: 314 67 24 9 4 1
9044|Child|2: 229 62 24 9 4 1
9069|Child|35: 194 57 21 10 4 1
9075|Child|3: 405 92 28 13 4 1
9106|Child|2: 330 67 21 10 4 1
9118|Child|14: 307 72 27 10 4 1
9170|Child|1: 328 71 28 11 4 1
9193|Child|4: 286 65 24 9 4 1
9231|Random|61: 324 65 24 9 4 1
9280|Child|24: 329 77 24 11 4 1
9290|Child|10: 373 91 29 10 4 1
9305|Child|15: 201 77 21 10 4 1
9316|Child|9: 193 70 19 10 4 1
9344|Child|5: 424 92 29 14 4 1
9366|Child|25: 359 77 23 10 4 1
9444|Child|1: 456 133 53 19 10 4 1
9477|Child|7: 169 67 24 9 4 1
9491|Child|1: 172 66 17 10 4 1
9496|Child|1: 384 81 23 10 4 1
9513|Child|1: 417 125 51 19 10 4 1
9545|Child|2: 452 131 52 19 10 4 1
9549|Child|4: 219 63 19 10 4 1
9560|Child|21: 278 64 23 10 4 1
9580|Child|32: 433 97 29 14 4 1
9651|Child|2: 371 87 31 11 4 1
9654|Child|2: 199 60 17 10 4 1
9656|Child|7: 314 76 25 9 4 1
9658|Child|8: 152 58 24 9 4 1
9660|Child|2: 157 67 24 9 4 1
9661|Child|3: 456 165 49 17 10 4 1
9663|Child|1: 159 50 17 10 4 1
9665|Child|5: 358 102 28 13 4 1
9668|Child|5: 153 46 20 9 4 1
9677|Random|96: 372 78 31 9 4 1
9702|Child|20: 184 55 24 9 4 1
9707|Child|4: 197 61 21 10 4 1
9731|Child|2: 146 53 19 10 4 1
9771|Child|38: 148 57 21 10 4 1
9834|Random|77: 346 82 27 10 4 1
9846|Child|5: 147 54 19 10 4 1
9861|Child|5: 367 88 29 9 4 1
9933|Child|24: 396 89 24 9 4 1
9967|Child|1: 151 67 24 9 4 1
9983|Random|85: 366 96 27 10 4 1
9988|Random|88: 363 89 27 10 4 1
10012|Child|3: 194 55 23 10 4 1
10037|Child|1: 157 66 21 10 4 1
10040|Child|2: 465 139 47 21 10 4 1
10179|Child|7: 144 46 17 10 4 1
10182|Random|60: 299 70 33 9 4 1
10226|Random|94: 378 78 31 14 4 1
10230|Child|25: 339 72 23 14 4 1
10232|Random|73: 392 81 23 10 4 1
10234|Random|56: 340 69 28 11 4 1
10238|Child|2: 458 170 64 23 10 4 1
10241|Child|4: 138 51 19 10 4 1
10271|Child|7: 317 81 23 10 4 1
10301|Random|64: 219 47 23 10 4 1
10381|Child|3: 211 50 19 10 4 1
10429|Child|1: 161 68 23 10 4 1
10445|Child|5: 213 62 24 9 4 1
10451|Child|1: 153 60 19 10 4 1
10469|Child|5: 349 80 27 10 4 1
10471|Child|4: 204 67 24 9 4 1
10475|Random|85: 176 65 20 9 4 1
10480|Child|4: 230 77 21 10 4 1
10514|Child|1: 194 70 21 10 4 1
10561|Child|2: 422 124 55 21 10 4 1
10666|Child|24: 324 76 28 11 4 1
10688|Random|83: 336 75 23 14 4 1
10707|Random|51: 396 119 29 14 4 1
10726|Child|5: 342 72 23 14 4 1
10738|Child|11: 384 77 24 11 4 1
10746|Child|41: 404 197 56 21 10 4 1
10763|Child|10: 223 62 19 10 4 1
10768|Child|16: 359 102 28 13 4 1
10802|Child|12: 305 74 23 10 4 1
10851|Child|1: 363 79 24 9 4 1
10869|Child|1: 354 87 25 14 4 1
10915|Child|17: 189 65 24 9 4 1
10918|Child|2: 361 81 23 10 4 1
10927|Child|4: 200 59 21 10 4 1
10945|Child|4: 216 57 20 9 4 1
10949|Child|2: 201 54 19 10 4 1
10976|Random|99: 197 65 24 9 4 1
10984|Child|1: 323 77 23 10 4 1
11014|Child|2: 211 62 19 10 4 1
11068|Child|27: 199 46 20 9 4 1
11072|Child|2: 208 48 23 10 4 1
11080|Child|2: 297 84 23 10 4 1
11097|Child|26: 351 77 24 9 4 1
11107|Random|58: 261 77 21 10 4 1
11125|Child|31: 370 81 23 13 4 1
11130|Child|2: 371 81 23 14 4 1
11135|Child|2: 370 81 23 14 4 1
11136|Child|16: 190 56 24 9 4 1
11169|Child|16: 384 81 29 9 4 1
11190|Random|81: 364 84 29 10 4 1
11192|Child|2: 223 60 19 10 4 1
11198|Child|2: 334 85 27 14 4 1
11208|Child|2: 219 51 19 10 4 1
11228|Child|14: 317 83 27 10 4 1
11285|Child|28: 364 78 23 10 4 1
11360|Child|1: 491 200 61 20 9 4 1
11380|Child|2: 468 205 56 24 9 4 1
11395|Child|23: 373 75 23 14 4 1
11417|Child|13: 386 90 25 14 4 1
11433|Child|4: 198 60 19 10 4 1
11436|Child|5: 410 107 29 14 4 1
11438|Child|17: 200 70 23 10 4 1
11487|Random|92: 375 82 33 9 4 1
11514|Random|55: 322 66 25 14 4 1
11518|Child|15: 193 48 23 10 4 1
11519|Child|2: 349 77 23 10 4 1
11539|Child|23: 163 49 21 10 4 1
11551|Child|7: 336 76 25 9 4 1
11569|Child|2: 207 71 23 10 4 1
11586|Random|65: 149 67 24 11 4 1
11606|Child|7: 185 58 24 9 4 1
11623|Child|2: 140 62 19 10 4 1
11669|Child|14: 328 71 23 13 4 1
11674|Child|1: 350 77 23 14 4 1
11741|Child|34: 344 99 28 9 4 1
11750|Child|1: 312 75 28 11 4 1
11778|Random|81: 175 60 19 10 4 1
11806|Child|3: 383 77 27 14 4 1
11807|Child|2: 315 75 23 14 4 1
11829|Child|15: 137 59 17 10 4 1
11832|Child|17: 384 79 27 10 4 1
11850|Child|43: 210 61 24 9 4 1
11860|Child|4: 494 185 48 23 10 4 1
11869|Child|36: 138 51 19 7 3 1
11883|Child|1: 208 64 23 10 4 1
11896|Child|8: 197 60 19 10 4 1
11938|Child|2: 227 61 19 10 4 1
11949|Child|2: 203 50 19 10 4 1
11964|Child|3: 207 59 25 14 4 1
11996|Child|14: 185 62 32 13 4 1
12023|Child|2: 337 69 32 13 4 1
12024|Child|31: 222 79 20 9 4 1
12029|Child|14: 348 75 32 13 4 1
12033|Child|2: 156 63 19 10 4 1
12042|Child|26: 347 72 28 13 4 1
12117|Child|24: 356 82 32 13 4 1
12164|Child|37: 277 67 24 11 4 1
12179|Child|22: 141 62 19 10 4 1
12215|Random|89: 285 77 29 9 4 1
12246|Child|2: 205 61 19 10 4 1
12260|Child|1: 361 84 23 13 4 1
12278|Child|1: 328 68 29 9 4 1
12283|Child|3: 373 77 27 13 4 1
12376|Random|56: 367 82 29 10 4 1
12393|Child|14: 373 103 27 14 4 1
12430|Child|13: 309 72 23 14 4 1
12432|Child|13: 303 87 25 14 4 1
12492|Child|1: 219 61 19 10 4 1
12504|Child|1: 201 62 19 10 4 1
12510|Random|85: 316 73 25 14 4 1
12521|Child|29: 453 137 50 19 10 4 1
12544|Child|3: 368 81 31 11 4 1
12550|Child|1: 368 81 31 14 4 1
12590|Child|1: 209 54 19 10 4 1
12731|Random|92: 382 79 26 10 3 1
12787|Child|28: 319 64 24 9 4 1
12793|Child|1: 360 77 28 11 4 1
12894|Child|24: 474 152 56 25 9 4 1
12948|Child|1: 340 80 24 9 4 1
12950|Child|1: 478 134 45 21 10 4 1
12977|Child|3: 440 171 54 23 10 4 1
12978|Child|2: 177 56 21 10 4 1
12983|Child|2: 359 80 23 14 4 1
12984|Child|1: 359 80 23 10 4 1
12995|Child|38: 359 80 23 13 4 1
13035|Child|5: 217 63 19 10 4 1
13240|Child|2: 221 51 19 10 4 1
13273|Child|8: 211 55 24 9 4 1
13277|Child|28: 361 88 25 14 4 1
13282|Child|2: 440 105 44 19 10 4 1
13322|Child|2: 144 51 23 10 4 1
13375|Child|40: 199 55 23 10 4 1
13474|Child|22: 183 70 19 10 4 1
13495|Child|1: 128 53 19 10 4 1
13537|Child|2: 327 67 21 10 4 1
13599|Child|2: 222 61 19 10 4 1
13625|Child|6: 203 61 23 10 4 1
13674|Child|1: 338 70 21 10 4 1
13698|Child|10: 129 51 19 10 4 1
13712|Child|2: 193 59 21 10 4 1
13720|Child|3: 184 55 23 10 4 1
13724|Child|15: 348 81 23 13 4 1
13738|Child|2: 211 60 19 14 4 1
13760|Child|4: 329 69 19 10 4 1
13866|Child|2: 472 176 48 23 10 4 1
13933|Child|1: 370 81 32 13 4 1
13956|Child|15: 325 99 31 10 4 1
13983|Child|2: 311 75 23 14 4 1
14044|Child|1: 371 89 28 13 4 1
14047|Child|32: 137 51 19 10 4 1
14065|Child|9: 186 52 20 9 4 1
14113|Child|2: 354 75 23 14 4 1
14119|Child|1: 143 60 19 10 4 1
14123|Child|3: 425 92 31 14 4 1
14169|Child|2: 194 67 23 10 4 1
14186|Child|2: 203 59 24 9 4 1
14189|Child|7: 185 54 19 10 4 1
14228|Child|8: 303 70 21 10 4 1
14255|Child|1: 129 61 19 10 4 1
14283|Child|21: 217 60 25 9 4 1
14299|Child|2: 183 52 19 10 4 1
14300|Child|2: 151 51 19 10 4 1
14334|Child|18: 328 90 23 10 4 1
14353|Random|70: 319 74 28 13 4 1
14386|Child|1: 195 59 21 10 4 1
14434|Random|96: 190 59 21 10 4 1
14457|Random|60: 399 81 31 14 4 1
14470|Child|7: 144 54 19 10 4 1
14477|Child|26: 372 80 24 11 4 1
14496|Child|21: 203 48 23 10 4 1
14497|Child|5: 136 51 19 10 4 1
14561|Child|2: 380 83 27 10 4 1
14562|Child|2: 299 60 19 10 4 1
14609|Child|2: 214 60 23 10 4 1
14617|Child|21: 327 70 29 9 4 1
14730|Child|20: 296 73 24 9 4 1
14738|Child|15: 265 71 28 11 4 1
14757|Child|1: 345 71 24 9 4 1
14763|Child|2: 213 49 24 9 4 1
14829|Child|13: 283 70 29 9 4 1
14836|Child|2: 322 67 23 10 4 1
14853|Child|1: 161 69 19 10 4 1
14889|Child|11: 464 181 45 21 10 4 1
14928|Child|6: 163 61 19 10 4 1
14940|Child|1: 171 51 19 10 4 1
14947|Child|1: 143 61 19 10 4 1
14965|Child|36: 444 96 28 13 4 1
14975|Child|7: 193 52 24 9 4 1
14988|Child|1: 156 58 21 10 4 1
15039|Child|1: 477 179 54 19 10 4 1
15075|Child|1: 205 57 21 10 4 1
15091|Child|9: 227 71 24 9 4 1
15107|Child|18: 354 80 24 11 4 1
15133|Child|17: 388 86 24 11 4 1
15163|Child|1: 329 66 23 14 4 1
15189|Random|87: 355 79 27 10 4 1
15230|Child|17: 143 52 20 9 4 1
15280|Child|13: 365 78 23 13 4 1
15283|Random|72: 362 92 27 10 4 1
15307|Random|86: 474 148 48 21 10 4 1
15316|Random|80: 362 89 24 9 4 1
15361|Child|19: 368 89 28 13 4 1
15376|Child|4: 188 53 19 10 4 1
15416|Child|28: 282 82 29 10 4 1
15417|Child|2: 337 70 21 10 4 1
15480|Child|1: 355 85 24 9 4 1
15495|Child|1: 228 63 20 9 4 1
15502|Random|59: 438 118 52 17 10 4 1
15526|Child|9: 418 142 54 19 10 4 1
15541|Child|6: 192 84 23 10 4 1
15553|Child|2: 482 141 58 23 10 4 1
15568|Child|24: 360 91 24 11 4 1
15573|Child|2: 276 59 21 10 4 1
15606|Child|4: 327 70 27 10 4 1
15624|Child|23: 351 72 25 9 4 1
15626|Child|4: 255 77 23 10 4 1
15641|Child|28: 374 90 23 10 4 1
15644|Child|2: 208 70 21 10 4 1
15662|Child|7: 156 49 21 10 4 1
15710|Child|26: 368 90 25 14 4 1
15717|Child|4: 362 77 29 9 4 1
15731|Child|1: 146 65 24 9 4 1
15786|Child|6: 353 96 29 14 4 1
15793|Child|1: 183 59 20 9 4 1
15810|Child|23: 455 94 28 13 4 1
15821|Child|46: 195 53 19 10 4 1
15833|Child|2: 207 54 19 10 4 1
15848|Random|65: 487 194 68 23 10 4 1
15854|Child|2: 202 73 19 10 4 1
15867|Child|13: 285 59 21 10 4 1
15869|Child|2: 312 70 21 10 4 1
15875|Child|1: 206 53 19 10 4 1
15917|Random|65: 493 271 61 23 10 4 1
15931|Child|4: 381 83 29 10 4 1
15936|Child|16: 326 75 32 13 4 1
15947|Child|1: 366 81 28 13 4 1
16039|Child|2: 384 111 32 13 4 1
16055|Random|80: 318 70 24 9 4 1
16062|Child|10: 376 95 29 9 4 1
16182|Random|85: 489 199 58 24 9 4 1
16190|Child|2: 179 77 23 10 4 1
16215|Child|1: 359 77 24 9 4 1
16229|Random|55: 325 76 28 11 4 1
16256|Child|30: 323 67 24 11 4 1
16261|Child|19: 323 67 24 9 4 1
16262|Child|2: 470 186 58 24 9 4 1
16342|Child|1: 391 81 29 14 4 1
16352|Child|1: 329 70 29 10 4 1
16357|Child|3: 431 151 47 23 10 4 1
16408|Child|26: 206 79 25 14 4 1
16429|Child|14: 309 77 23 10 4 1
16432|Child|2: 200 61 19 10 4 1
16451|Child|40: 299 68 23 10 4 1
16542|Child|13: 340 71 23 14 4 1
16550|Child|10: 428 94 28 13 4 1
16578|Child|10: 365 83 23 13 4 1
16608|Child|38: 341 72 23 14 4 1
16639|Child|4: 419 164 45 21 10 4 1
16707|Child|2: 471 206 61 24 9 4 1
16767|Child|22: 390 82 24 9 4 1
16785|Child|2: 348 70 27 10 4 1
16802|Child|1: 294 68 24 9 4 1
16816|Child|4: 198 70 21 10 4 1
16820|Child|1: 377 88 32 13 4 1
16832|Child|35: 358 84 23 10 4 1
16835|Child|2: 202 54 19 10 4 1
16840|Child|7: 358 84 23 13 4 1
16848|Child|5: 345 81 28 13 4 1
16856|Child|9: 380 79 27 10 4 1
16857|Child|17: 337 70 23 10 4 1
16864|Child|18: 163 68 23 10 4 1
16879|Child|3: 379 86 32 13 4 1
16909|Child|5: 363 91 29 10 4 1
16939|Child|6: 351 80 24 11 4 1
16945|Child|2: 398 92 29 10 4 1
16991|Child|2: 336 77 33 9 4 1
17077|Child|50: 315 67 21 10 4 1
17092|Child|3: 326 76 21 10 4 1
17094|Child|1: 208 62 19 10 4 1
17206|Child|3: 224 65 24 11 4 1
17213|Child|15: 396 85 24 9 4 1
17272|Child|23: 340 75 28 11 4 1
17276|Random|91: 377 80 21 10 4 1
17301|Child|1: 198 55 19 13 4 1
17308|Child|10: 318 77 27 13 4 1
17330|Child|2: 458 170 53 24 9 4 1
17372|Child|20: 298 67 23 10 4 1
17518|Child|15: 385 88 25 14 4 1
17528|Child|14: 311 64 29 10 4 1
17537|Child|15: 321 72 23 14 4 1
17545|Child|2: 143 49 21 10 4 1
17549|Child|16: 357 74 24 9 4 1
17560|Child|4: 421 169 57 20 9 4 1
17589|Child|24: 420 100 27 14 4 1
17694|Random|58: 381 89 24 9 4 1
17695|Child|2: 431 297 61 24 9 4 1
17706|Child|27: 329 69 24 11 4 1
17710|Random|64: 401 81 23 14 4 1
17714|Random|80: 388 82 27 10 4 1
17734|Child|3: 224 57 23 10 4 1
17748|Child|4: 201 61 24 9 4 1
17767|Child|25: 305 71 27 14 4 1
17797|Random|76: 367 76 25 14 4 1
17823|Child|13: 346 72 19 10 4 1
17916|Child|11: 361 92 24 9 4 1
22|Child|31: 197 48 20 9 4 1
24|Child|3|Mutated: 197 55 20 9 4 1
32|Child|9: 189 55 20 9 4 1
71|Survivor|3|Mutated: 197 55 24 9 4 1
72|Child|31|Mutated: 201 55 24 9 4 1
81|Child|33|Mutated: 197 55 21 10 4 1
138|Child|33|Mutated: 202 55 20 9 4 1
155|Survivor|1: 197 52 20 9 4 1
188|Survivor|5|Mutated: 197 54 20 9 4 1
220|Survivor|1|Mutated: 198 55 24 9 4 1
257|Child|20|Mutated: 197 63 20 9 4 1
324|Child|5|Mutated: 197 57 20 9 4 1
334|Survivor|1|Mutated: 197 61 24 9 4 1
340|Survivor|1: 178 55 24 9 4 1
374|Child|28|Mutated: 197 61 20 9 4 1
377|Survivor|5|Mutated: 176 55 24 9 4 1
399|Child|12|Mutated: 191 55 20 9 4 1
419|Survivor|1: 195 55 24 9 4 1
460|Child|34|Mutated: 188 55 20 9 4 1
466|Random|29: 375 80 33 9 4 1
471|Survivor|2: 153 55 20 9 4 1
487|Child|14: 213 55 20 9 4 1
495|Survivor|2: 207 57 20 9 4 1
500|Child|42|Mutated: 182 55 20 9 4 1
509|Survivor|1: 189 52 20 9 4 1
519|Child|9|Mutated: 189 52 24 9 4 1
561|Child|38|Mutated: 157 52 20 9 4 1
565|Child|34|Mutated: 205 52 20 9 4 1
591|Child|7|Mutated: 193 52 20 9 4 1
703|Survivor|2: 189 46 20 9 4 1
732|Child|15|Mutated: 185 52 20 9 4 1
762|Survivor|6|Mutated: 181 52 20 9 4 1
771|Survivor|7|Mutated: 213 52 20 9 4 1
799|Child|43|Mutated: 192 55 20 9 4 1
803|Child|4|Mutated: 189 57 23 10 4 1
866|Survivor|1|Mutated: 190 57 20 9 4 1
901|Child|6|Mutated: 200 57 20 9 4 1
906|Child|11|Mutated: 206 57 20 9 4 1
929|Survivor|5|Mutated: 178 57 20 9 4 1
935|Child|27: 213 63 20 9 4 1
961|Child|43|Mutated: 154 57 21 10 4 1
981|Child|32|Mutated: 203 57 20 9 4 1
986|Survivor|2: 195 57 20 9 4 1
990|Survivor|1: 184 57 20 9 4 1
1055|Child|49|Mutated: 206 67 23 10 4 1
1126|Child|6|Mutated: 204 57 20 9 4 1
1198|Survivor|1: 403 82 29 14 4 1
1247|Child|42|Mutated: 206 54 20 9 4 1
1258|Survivor|2: 187 57 20 9 4 1
1269|Child|24|Mutated: 206 57 21 10 4 1
1368|Child|18|Mutated: 198 57 20 9 4 1
1380|Child|45|Mutated: 193 57 20 9 4 1
1426|Child|18|Mutated: 186 57 20 9 4 1
1476|Survivor|1: 201 57 20 9 4 1
1573|Survivor|8|Mutated: 186 57 23 10 4 1
1600|Survivor|4|Mutated: 212 57 20 9 4 1
1727|Survivor|1|Mutated: 199 57 20 9 4 1
1742|Child|32: 446 189 52 20 9 4 1
1758|Child|37|Mutated: 206 64 24 9 4 1
1772|Child|12|Mutated: 206 68 24 9 4 1
1774|Child|43|Mutated: 210 57 20 9 4 1
1802|Child|1|Mutated: 213 57 20 9 4 1
1894|Child|38|Mutated: 179 57 20 9 4 1
1899|Child|32|Mutated: 206 64 23 10 4 1
1950|Survivor|1|Mutated: 206 61 20 9 4 1
1974|Survivor|1: 207 58 24 9 4 1
2006|Survivor|1: 183 57 20 9 4 1
2046|Survivor|6|Mutated: 196 57 20 9 4 1
2171|Child|17|Mutated: 195 57 21 10 4 1
2172|Survivor|2|Mutated: 195 54 20 9 4 1
2199|Survivor|3: 215 57 20 9 4 1
2235|Child|26|Mutated: 181 57 20 9 4 1
2269|Survivor|8: 195 59 24 9 4 1
2316|Survivor|1|Mutated: 196 65 24 9 4 1
2341|Random|3: 359 84 27 14 4 1
2353|Child|23|Mutated: 220 57 23 10 4 1
2355|Child|50|Mutated: 196 59 24 9 4 1
2356|Child|7|Mutated: 196 57 23 10 4 1
2385|Child|35|Mutated: 192 57 20 9 4 1
2425|Survivor|8|Mutated: 230 58 24 9 4 1
2480|Child|30|Mutated: 196 57 21 10 4 1
2508|Survivor|2|Mutated: 160 57 20 9 4 1
2585|Child|3|Mutated: 196 55 23 10 4 1
2587|Random|14: 321 82 24 9 4 1
2611|Survivor|5|Mutated: 158 57 20 9 4 1
2655|Child|16|Mutated: 175 57 20 9 4 1
2742|Child|15|Mutated: 196 55 20 9 4 1
2781|Child|24|Mutated: 196 61 20 9 4 1
2880|Child|8|Mutated: 217 57 20 9 4 1
3020|Child|45: 196 63 20 9 4 1
3037|Child|14|Mutated: 215 57 23 10 4 1
3254|Survivor|1: 196 53 24 9 4 1
3285|Child|32|Mutated: 215 59 24 9 4 1
3374|Child|36|Mutated: 218 57 20 9 4 1
3438|Survivor|2|Mutated: 209 57 20 9 4 1
3447|Random|27: 313 68 32 13 4 1
3503|Random|6: 339 80 23 10 4 1
3799|Child|16|Mutated: 189 48 20 9 4 1
3854|Child|12|Mutated: 195 52 20 9 4 1
4045|Child|28|Mutated: 195 54 19 10 4 1
4192|Survivor|1|Mutated: 204 59 20 9 4 1
4292|Child|48|Mutated: 195 67 24 9 4 1
4453|Child|47|Mutated: 195 57 23 10 4 1
4554|Child|49|Mutated: 195 53 24 9 4 1
4779|Survivor|2: 202 63 20 9 4 1
4889|Survivor|10|Mutated: 204 55 20 9 4 1
4967|Survivor|1: 204 64 24 9 4 1
4974|Child|9|Mutated: 226 57 20 9 4 1
4985|Child|17|Mutated: 204 57 23 10 4 1
4988|Survivor|2: 204 63 20 9 4 1
5001|Random|6: 154 59 21 10 4 1
5058|Random|34: 343 84 29 10 4 1
5093|Random|12: 474 175 66 27 10 4 1
5174|Child|31|Mutated: 204 60 19 10 4 1
5188|Random|33: 386 81 29 14 4 1
5482|Child|50|Mutated: 204 59 21 10 4 1
5542|Child|16|Mutated: 199 63 20 9 4 1
5690|Child|13|Mutated: 204 54 19 10 4 1
5713|Survivor|1: 204 61 19 10 4 1
5780|Child|2|Mutated: 194 56 21 10 4 1
6228|Random|32: 180 59 21 10 4 1
6276|Child|26|Mutated: 180 57 20 9 4 1
6437|Child|15|Mutated: 223 57 20 9 4 1
6457|Child|49|Mutated: 220 57 20 9 4 1
6621|Child|42|Mutated: 178 63 20 9 4 1
6653|Survivor|1: 213 57 23 10 4 1
6790|Survivor|8|Mutated: 204 62 24 9 4 1
6837|Survivor|1|Mutated: 204 58 24 9 4 1
6966|Survivor|7|Mutated: 204 59 24 9 4 1
7169|Child|20|Mutated: 204 53 24 9 4 1
7395|Child|29|Mutated: 204 67 21 10 4 1
7735|Child|32|Mutated: 204 55 24 9 4 1
7789|Child|17|Mutated: 181 64 24 9 4 1
7876|Survivor|9|Mutated: 176 57 20 9 4 1
7967|Child|15|Mutated: 212 59 20 9 4 1
8032|Child|4|Mutated: 195 58 24 9 4 1
8100|Child|27|Mutated: 203 57 23 10 4 1
8104|Child|11|Mutated: 203 59 20 9 4 1
8124|Child|16|Mutated: 203 65 24 9 4 1
8208|Child|42|Mutated: 203 56 24 9 4 1
8233|Survivor|5|Mutated: 203 52 20 9 4 1
8518|Child|26|Mutated: 203 55 20 9 4 1
8620|Child|6|Mutated: 212 68 23 10 4 1
8722|Child|3|Mutated: 203 61 24 9 4 1
8810|Survivor|1: 454 190 50 24 9 4 1
8932|Child|4|Mutated: 169 57 20 9 4 1
8943|Child|23|Mutated: 203 62 24 9 4 1
9005|Child|8|Mutated: 190 52 20 9 4 1
9046|Child|33|Mutated: 201 57 23 10 4 1
9063|Child|19|Mutated: 203 54 20 9 4 1
9089|Survivor|1: 203 58 24 9 4 1
9252|Random|30: 375 83 27 10 4 1
9498|Child|11|Mutated: 202 57 20 9 4 1
10047|Child|20|Mutated: 163 57 20 9 4 1
10086|Random|2: 361 80 23 10 4 1
10113|Random|28: 372 76 31 10 4 1
10384|Child|49|Mutated: 203 64 24 9 4 1
10507|Child|47|Mutated: 203 52 24 9 4 1
10679|Survivor|1: 180 57 23 10 4 1
11217|Child|10|Mutated: 191 52 20 9 4 1
11239|Child|1|Mutated: 203 58 23 10 4 1
11772|Survivor|1: 195 67 23 10 4 1
12108|Child|11|Mutated: 203 66 20 9 4 1
12184|Child|27|Mutated: 193 66 20 9 4 1
12354|Child|7|Mutated: 194 52 20 9 4 1
12434|Survivor|1: 217 52 20 9 4 1
12627|Random|30: 297 75 29 9 4 1
12809|Random|6: 337 72 27 10 4 1
12843|Child|11|Mutated: 192 59 20 9 4 1
12848|Child|46|Mutated: 203 59 21 10 4 1
12874|Child|36|Mutated: 202 59 20 9 4 1
13221|Child|35|Mutated: 195 61 24 9 4 1
13687|Survivor|1|Mutated: 195 67 21 10 4 1
14095|Random|12: 337 81 29 10 4 1
14158|Survivor|8|Mutated: 158 61 20 9 4 1
14261|Survivor|6|Mutated: 195 56 21 10 4 1
14625|Child|11|Mutated: 195 46 20 9 4 1
14683|Child|11|Mutated: 182 53 24 9 4 1
14710|Child|21|Mutated: 182 57 20 9 4 1
14879|Child|9|Mutated: 195 62 24 9 4 1
14915|Random|28: 485 183 55 24 9 4 1
15334|Random|13: 349 75 28 11 4 1
15532|Child|43|Mutated: 195 52 24 9 4 1
15742|Child|41: 193 59 20 9 4 1
16021|Random|7: 423 286 67 21 10 4 1
16250|Survivor|10|Mutated: 204 61 24 9 4 1
16911|Random|8: 332 93 27 10 4 1
16997|Survivor|5|Mutated: 161 68 20 9 4 1
17049|Child|23|Mutated: 183 52 20 9 4 1
17098|Random|9: 493 300 68 23 10 4 1
17433|Survivor|5|Mutated: 178 54 20 9 4 1
17966|Random|12: 360 79 29 9 4 1
18085|Random|21: 372 81 32 13 4 1
18194|Random|11: 211 57 21 10 4 1
18210|Random|28: 146 62 19 10 4 1
18453|Child|6|Mutated: 201 54 20 9 4 1
18783|Random|28: 341 83 27 10 4 1
18986|Random|36: 211 65 28 11 4 1
19039|Random|36: 206 58 24 9 4 1
19183|Child|6|Mutated: 200 57 21 10 4 1
19294|Child|4|Mutated: 206 52 20 9 4 1
19343|Survivor|1: 206 65 24 9 4 1
19411|Child|7|Mutated: 206 53 24 9 4 1
19593|Child|11|Mutated: 206 61 24 9 4 1
20002|Survivor|4|Mutated: 209 51 19 10 4 1
20665|Child|24|Mutated: 206 57 23 10 4 1
20755|Child|37|Mutated: 225 57 23 10 4 1
20777|Survivor|9|Mutated: 206 59 20 9 4 1
20806|Child|1|Mutated: 206 48 20 9 4 1
20983|Child|32|Mutated: 184 57 23 10 4 1
21215|Child|43|Mutated: 206 58 23 10 4 1
21312|Survivor|1: 209 61 20 9 4 1
21405|Child|11|Mutated: 206 52 24 9 4 1
21527|Random|3: 351 82 27 10 4 1
21548|Random|31: 342 73 33 9 4 1
21662|Child|12|Mutated: 232 67 24 9 4 1
21791|Random|2: 294 59 24 9 4 1
21980|Survivor|1: 206 59 24 9 4 1
22002|Survivor|5|Mutated: 209 57 21 10 4 1
22011|Survivor|2|Mutated: 211 59 20 9 4 1
22021|Child|46|Mutated: 209 54 20 9 4 1
22094|Survivor|2|Mutated: 198 57 23 10 4 1
22113|Child|5|Mutated: 185 57 23 10 4 1
22144|Random|37: 395 80 23 10 4 1
22184|Child|30|Mutated: 206 56 21 10 4 1
22470|Random|15: 336 69 21 10 4 1
22478|Child|3: 213 66 20 9 4 1
22552|Child|24|Mutated: 198 61 20 9 4 1
22795|Survivor|5|Mutated: 207 46 20 9 4 1
23200|Survivor|1: 493 315 75 24 11 4 1
23726|Random|16: 393 92 29 14 4 1
24152|Child|14|Mutated: 193 67 24 9 4 1
24226|Survivor|1|Mutated: 221 57 23 10 4 1
24360|Survivor|9|Mutated: 194 66 21 10 4 1
24506|Child|6|Mutated: 191 46 20 9 4 1
24600|Random|9: 330 70 29 9 4 1
24636|Child|22|Mutated: 199 55 20 9 4 1
24672|Survivor|2: 213 59 20 9 4 1
24691|Survivor|1: 203 67 24 9 4 1
8|Survivor|1: 406 82 27 10 4 1
10|Child_Cross|41: 188 56 21 10 4 1
18|Child_Cross|18: 206 59 21 10 4 1
22|Survivor|1: 182 51 19 10 4 1
29|Child_Levy|28: 221 55 24 9 4 1
32|Survivor|1: 191 56 21 10 4 1
36|Child_Cross|61: 155 51 19 10 4 1
43|Child_Cross|9: 139 45 19 10 4 1
48|Child_Levy|28: 188 51 19 10 4 1
62|Survivor|1: 301 70 27 10 4 1
63|Child_Avg|63: 319 72 27 10 4 1
73|Survivor|1: 214 50 24 9 4 1
85|Child_Avg|51: 146 50 19 10 4 1
87|Child_Levy|68: 145 51 19 10 4 1
105|Survivor|1: 137 48 20 9 4 1
116|Survivor|1: 203 53 19 10 4 1
132|Child_Cross|29: 144 59 20 9 4 1
136|Child_Levy|64|Mutated: 202 58 24 9 4 1
158|Survivor|1: 207 68 21 10 4 1
198|Child_Cross|18: 150 63 19 10 4 1
216|Child_Avg|23: 148 51 19 10 4 1
224|Survivor|1: 176 51 19 10 4 1
227|Child_Avg|27: 190 61 29 9 4 1
234|Survivor|1: 228 71 23 10 4 1
236|Child_Cross|50: 217 58 23 10 4 1
241|Survivor|1: 192 53 19 10 4 1
245|Survivor|1: 157 53 19 10 4 1
256|Survivor|1: 142 46 20 9 4 1
280|Child_Levy|52: 213 58 24 9 4 1
340|Survivor|1: 213 52 24 9 4 1
377|Random|14: 296 67 21 10 4 1
394|Survivor|1: 220 59 21 10 4 1
406|Survivor|1: 227 59 21 10 4 1
437|Survivor|1: 242 65 24 9 4 1
519|Child_Avg|35: 275 68 24 9 4 1
616|Random|18: 321 74 23 10 4 1
812|Survivor|1: 377 85 32 13 4 1
861|Random|31: 195 69 21 10 4 1
928|Random|21: 212 58 23 10 3 1
1034|Random|8: 218 62 24 11 4 1
1040|Survivor|1: 175 51 19 10 4 1
1070|Survivor|1: 457 377 79 32 13 4 1
1091|Random|21: 431 181 53 19 10 4 1
1174|Survivor|1: 362 78 24 11 4 1
1265|Survivor|1: 318 74 29 10 4 1
1300|Survivor|1: 136 49 17 10 4 1
1318|Random|10: 368 99 27 14 4 1
1328|Random|25: 332 79 32 13 4 1
1422|Survivor|1: 241 68 24 9 4 1
1439|Random|25: 364 85 27 14 4 1
1611|Survivor|1: 436 97 33 14 4 1
1630|Survivor|1: 235 56 25 9 4 1
1647|Survivor|1|Mutated: 386 99 27 10 4 1
1682|Survivor|1: 349 78 24 11 4 1
1846|Child_Cross|49: 139 43 15 9 4 1
1881|Survivor|1: 348 91 23 10 4 1
1925|Survivor|1: 261 67 24 9 4 1
1996|Survivor|1: 366 85 24 9 4 1
2122|Survivor|1: 378 77 23 10 4 1
2256|Survivor|1: 334 79 28 13 4 1
2268|Survivor|1: 293 79 24 9 4 1
2271|Survivor|1: 394 86 29 9 4 1
2285|Random|20: 382 80 28 9 4 1
2301|Survivor|1: 337 70 24 9 4 1
2336|Survivor|1|Mutated: 337 74 24 9 4 1
2364|Random|14: 340 81 23 10 4 1
2479|Survivor|1: 305 84 23 10 4 1
2557|Survivor|1: 337 78 31 10 4 1
2613|Random|6: 319 80 24 11 4 1
2627|Survivor|1|Mutated: 319 80 24 11 5 1
2760|Survivor|1: 158 54 19 10 4 1
2796|Survivor|1: 235 67 21 10 4 1
2834|Random|22: 220 77 24 9 4 1
2986|Random|9: 403 90 29 14 4 1
3053|Random|24: 437 99 27 10 4 1
3106|Child_Avg|3|Mutated: 314 65 24 9 4 1
3114|Survivor|1: 325 66 29 9 4 1
3488|Survivor|1: 387 88 31 14 4 1
3505|Survivor|1: 283 81 23 10 4 1
3930|Random|31: 384 97 28 11 4 1
4051|Random|9: 477 285 62 24 9 4 1
4532|Survivor|1: 298 61 29 9 4 1
4639|Random|31: 368 93 27 10 4 1
4846|Survivor|1: 335 75 27 10 4 1
4907|Survivor|1: 377 88 31 14 4 1
5015|Survivor|1: 279 65 24 9 4 1
5067|Random|19: 444 92 29 10 4 1
5112|Survivor|1: 153 64 29 9 4 1
5121|Survivor|1: 142 48 20 9 4 1
5129|Survivor|1: 367 79 33 9 4 1
5280|Survivor|1: 336 90 28 13 4 1
5371|Child_Avg|27: 216 52 19 10 4 1
5682|Survivor|1: 292 82 27 10 4 1
5702|Survivor|1: 361 80 31 14 4 1
5748|Random|7: 285 60 23 10 4 1
5828|Random|5: 333 72 27 14 4 1
5983|Survivor|1: 349 106 27 10 4 1
5995|Survivor|1: 386 83 29 14 4 1
6013|Survivor|1: 275 71 23 10 4 1
6124|Random|17: 337 80 27 10 4 1
6143|Survivor|1: 337 80 29 10 4 1
6166|Survivor|1: 290 60 21 10 4 1
6406|Random|26: 209 58 21 10 4 1
6551|Survivor|1: 198 73 24 9 4 1
6601|Survivor|1: 173 73 24 9 4 1
6603|Random|19: 362 88 28 11 4 1
6614|Survivor|1: 315 88 28 11 4 1
6617|Survivor|1: 199 71 23 10 4 1
6701|Survivor|1: 379 100 29 10 4 1
6724|Random|25: 328 79 27 10 4 1
6771|Survivor|1: 207 76 27 10 4 1
6913|Random|6: 205 59 21 10 4 1
6925|Survivor|1: 191 49 21 10 4 1
6940|Survivor|1: 166 49 21 10 4 1
7027|Child_Avg|23: 312 74 24 9 4 1
7036|Survivor|1: 338 83 27 10 4 1
7188|Random|30: 325 77 21 10 4 1
7197|Survivor|1: 325 66 21 10 4 1
7238|Random|11: 385 94 31 14 4 1
7259|Random|8: 356 76 31 11 4 1
7345|Survivor|1: 298 76 21 10 4 1
7351|Survivor|1: 345 74 29 10 3 1
7429|Survivor|1: 211 81 28 11 4 1
7514|Survivor|1: 330 77 21 10 4 1
7526|Survivor|1: 323 69 21 10 4 1
7716|Random|18: 302 69 27 10 4 1
7750|Survivor|1|Mutated: 299 69 27 10 4 1
7942|Survivor|1: 350 77 24 11 4 1
8031|Survivor|1: 349 71 24 9 4 1
8036|Survivor|1: 349 80 24 9 4 1
8045|Survivor|1: 430 88 32 13 4 1
8228|Child_Avg|39: 189 59 24 9 4 1
8259|Random|23: 211 61 29 10 4 1
8374|Random|24: 454 320 71 24 9 4 1
8384|Survivor|1|Mutated: 454 374 71 24 9 4 1
8393|Survivor|1: 358 82 29 14 4 1
8618|Survivor|1: 139 43 17 10 4 1
8716|Survivor|1: 230 62 19 10 4 1
8765|Survivor|1: 137 42 17 10 4 1
9313|Random|16: 206 56 24 9 4 1
9402|Survivor|1: 211 68 23 10 4 1
9503|Random|8: 454 255 80 21 10 4 1
9601|Survivor|1|Mutated: 202 53 17 10 4 1
9607|Survivor|1: 462 168 55 21 10 4 1
9677|Survivor|1: 249 58 24 9 4 1
9801|Survivor|1: 429 98 25 14 4 1
9819|Survivor|1|Mutated: 328 68 21 10 4 1
9952|Random|7: 300 67 23 10 4 1
9982|Child_Cross|41|Mutated: 141 43 15 9 4 1
9991|Child_Avg|51: 146 60 19 10 4 1
10446|Survivor|1: 377 77 21 10 4 1
10485|Random|5: 410 111 29 14 4 1
10604|Survivor|1: 216 67 24 9 4 1
10667|Random|16: 416 96 27 10 4 1
10724|Survivor|1: 312 86 24 11 4 1
10754|Random|22: 208 77 24 11 4 1
10761|Random|21: 367 79 31 10 4 1
10769|Survivor|1: 289 61 24 9 4 1
10849|Random|3: 310 87 23 10 4 1
10981|Survivor|1: 148 48 21 10 4 1
10995|Survivor|1: 370 98 27 14 4 1
11025|Survivor|1: 362 76 24 9 4 1
11030|Random|31: 344 77 30 9 4 1
11226|Survivor|1: 316 89 27 10 4 1
11284|Random|24: 333 81 32 13 4 1
11395|Survivor|1: 362 99 31 10 4 1
11399|Survivor|1: 360 76 28 13 4 1
11456|Child_Avg|59|Mutated: 139 50 17 10 4 1
11516|Survivor|1: 189 66 21 10 4 1
11705|Survivor|1: 281 67 21 10 4 1
11775|Survivor|1: 163 52 20 9 4 1
11914|Survivor|1: 229 59 21 10 4 1
11975|Random|20: 347 78 29 14 4 1
12010|Survivor|1: 149 43 15 9 4 1
12015|Survivor|1|Mutated: 450 309 62 29 9 4 1
12052|Survivor|1: 165 56 21 10 4 1
12094|Survivor|1: 474 294 75 29 10 4 1
12442|Survivor|1: 329 68 20 9 4 1
12479|Survivor|1: 355 77 29 9 4 1
12650|Survivor|1: 217 81 23 10 4 1
12747|Random|10: 400 84 29 10 4 1
12896|Survivor|1: 230 62 24 11 4 1
12951|Child_Avg|47: 222 52 20 9 4 1
12993|Random|12: 494 209 62 28 9 4 1
12998|Survivor|1: 155 53 27 10 4 1
13008|Survivor|1: 210 53 24 9 4 1
13032|Survivor|1: 275 61 24 9 4 1
13231|Survivor|1: 236 62 27 10 4 1
13614|Survivor|1: 232 71 24 9 4 1
13701|Random|3: 351 79 30 9 4 1
13797|Survivor|1: 365 85 24 9 4 1
14044|Survivor|1: 455 367 77 27 14 4 1
14120|Survivor|1: 371 75 23 14 4 1
14148|Random|8: 386 86 36 13 4 1
14250|Survivor|1: 209 77 29 9 4 1
14267|Survivor|1: 286 67 21 10 4 1
14442|Random|24: 356 78 24 11 4 1
14493|Survivor|1: 226 54 23 10 4 1
14557|Survivor|1: 441 94 36 13 4 1
14707|Random|1: 349 84 23 10 4 1
14986|Survivor|1: 199 72 29 10 4 1
15084|Survivor|1: 179 52 20 9 4 1
15329|Survivor|1: 241 74 23 10 4 1
15401|Random|10: 200 47 24 9 4 1
15449|Survivor|1: 141 49 17 10 4 1
15669|Child_Levy|40|Mutated: 149 44 19 10 4 1
15738|Random|3: 343 73 24 9 4 1
15773|Child_Avg|51: 188 52 19 10 4 1
15786|Survivor|1: 336 91 27 13 5 1
16121|Random|31: 363 90 23 10 4 1
16248|Survivor|1: 139 49 17 10 4 1
16402|Random|28: 317 80 23 10 4 1
16559|Survivor|1: 445 92 27 10 4 1
16635|Random|7: 381 86 27 14 4 1
16711|Survivor|1: 138 42 17 10 4 1
16831|Random|5: 373 80 21 10 4 1
16934|Survivor|1: 140 42 17 10 4 1
16981|Survivor|1: 433 91 31 14 4 1
17307|Survivor|1: 427 92 28 13 4 1
17362|Survivor|1: 422 90 25 14 4 1
17398|Child_Cross|46: 145 43 15 9 4 1
17411|Survivor|1: 295 64 24 11 4 1
17567|Random|22: 481 326 68 29 9 4 1
17615|Survivor|1: 435 141 43 17 10 4 1
17653|Survivor|1: 149 41 19 10 4 1
17662|Survivor|1: 420 90 21 10 4 1
17719|Survivor|1: 459 136 44 29 9 4 1
17727|Survivor|1|Mutated: 341 99 27 14 4 1
17733|Survivor|1: 319 87 27 14 4 1
17756|Survivor|1: 163 73 24 9 4 1
17800|Survivor|1: 356 73 29 9 4 1
17839|Survivor|1: 356 88 29 9 4 1
17855|Survivor|1: 352 83 24 9 4 1
17872|Survivor|1: 352 86 24 9 4 1
17938|Survivor|1: 429 98 29 14 4 1
18016|Survivor|1: 432 210 55 24 9 4 1
18022|Survivor|1: 460 210 55 24 9 4 1
18144|Survivor|1: 145 50 17 10 4 1
18149|Survivor|1: 329 104 32 13 4 1
18194|Survivor|1: 392 86 31 10 4 1
18571|Survivor|1: 302 67 24 11 4 1
18585|Survivor|1: 146 42 17 10 4 1
18594|Random|14: 462 94 32 13 4 1
18608|Random|30: 180 68 21 10 4 1
18681|Survivor|1: 202 57 21 10 4 1
18811|Survivor|1: 225 69 21 10 4 1
18958|Random|5: 231 71 29 10 4 1
18985|Survivor|1: 352 79 24 9 4 1
18997|Random|19: 352 80 23 13 4 1
19013|Random|5: 145 62 27 10 4 1
19151|Survivor|1: 372 94 36 13 4 1
19182|Survivor|1: 240 61 24 9 4 1
19209|Random|2: 340 80 31 14 4 1
19224|Survivor|1: 297 73 24 9 4 1
19328|Survivor|1: 331 106 27 10 4 1
19361|Survivor|1: 147 43 15 9 4 1
19467|Survivor|1: 187 49 21 10 4 1
19528|Random|30: 357 92 29 14 4 1
19542|Child_Avg|59: 208 55 24 9 4 1
19634|Random|21: 307 84 23 10 4 1
19855|Child_Cross|22|Mutated: 145 43 17 10 4 1
19913|Survivor|1: 362 90 29 10 4 1
20025|Survivor|1: 351 103 27 10 4 1
20099|Survivor|1: 181 70 24 9 4 1
20232|Survivor|1: 304 71 23 14 4 1
20246|Survivor|1: 354 72 29 10 4 1
20337|Survivor|1: 350 99 32 13 4 1
20418|Survivor|1: 192 58 21 10 4 1
20551|Survivor|1: 288 83 27 10 4 1
20596|Survivor|1: 369 82 24 11 4 1
20612|Survivor|1|Mutated: 345 82 24 11 5 1
20633|Survivor|1: 438 100 29 10 4 1
20740|Random|12: 391 100 32 13 4 1
20753|Survivor|1: 490 184 67 24 9 4 1
20756|Survivor|1: 364 80 29 10 4 1
20820|Survivor|1: 388 84 23 14 4 1
20871|Random|7: 406 82 29 14 4 1
20920|Random|30: 368 102 35 11 4 1
20950|Random|8: 298 64 23 10 4 1
21040|Survivor|1|Mutated: 120 51 19 10 4 1
21181|Survivor|1: 344 79 25 14 4 1
21185|Survivor|1: 369 81 21 10 4 1
21213|Survivor|1: 297 76 24 9 4 1
21235|Survivor|1: 139 48 21 10 4 1
21247|Random|9: 498 182 61 29 9 4 1
21391|Survivor|1: 377 79 31 11 4 1
21408|Child_Avg|15: 227 66 21 10 4 1
4|Survivor|1: 195 58 23 10 4 1
9|Child_Cross21|2: 200 56 21 10 4 1
10|Child_Avg|3: 192 61 23 10 4 1
61|Random|20: 437 187 57 23 10 4 1
202|Child_LevyABC1|59|Mutated: 187 59 21 10 4 1
500|Child_LevyP2|31|Mutated: 191 54 19 10 4 1
558|Child_ABC2|17|Mutated: 193 55 20 9 4 1
562|Child_ABC2|5|Mutated: 155 57 20 9 4 1
605|Child_LevyC2|21|Mutated: 183 56 21 10 4 1
733|Child_LevyAVG|22: 192 55 21 10 4 1
735|Child_ABC1|52|Mutated: 201 56 21 10 4 1
748|Child_LevyP1|30|Mutated: 193 56 21 10 4 1
751|Child_ABC1|40: 197 56 21 10 4 1
774|Child_ABC2|5|Mutated: 209 52 20 9 4 1
806|Child_LevyABC1|11|Mutated: 197 59 21 10 4 1
817|Child_ABC2|5: 198 56 21 10 4 1
825|Child_Avg|15|Mutated: 202 56 21 10 4 1
868|Child_Cross12|1|Mutated: 184 56 21 10 4 1
872|Child_Cross21|26: 204 56 21 10 4 1
915|Child_Avg|27: 190 57 21 10 4 1
972|Child_ABC2|41|Mutated: 197 60 21 10 4 1
989|Child_Cross21|26|Mutated: 180 56 21 10 4 1
1147|Child_ABC1|4: 187 56 21 10 4 1
1148|Child_ABC1|4: 185 56 21 10 4 1
1151|Child_Cross12|25: 192 56 21 10 4 1
1152|Child_Cross21|2: 190 56 21 10 4 1
1157|Child_Avg|51|Mutated: 215 56 21 10 4 1
1158|Child_ABC2|5: 181 56 21 10 4 1
1173|Child_ABC2|53: 199 56 21 10 4 1
1206|Child_Cross12|37|Mutated: 201 59 21 10 4 1
1316|Child_ABC2|53: 212 56 21 10 4 1
1456|Child_ABC1|4: 207 56 21 10 4 1
1494|Random|7: 390 79 25 14 4 1
1688|Survivor|1: 157 56 21 10 4 1
1736|Child_ABC2|53|Mutated: 216 56 21 10 4 1
1738|Child_ABC2|53: 211 56 21 10 4 1
1799|Child_Cross12|25|Mutated: 208 56 21 10 4 1
1805|Child_Avg|27|Mutated: 179 56 21 10 4 1
1849|Child_Avg|3: 213 56 21 10 4 1
1850|Child_ABC1|28: 209 56 21 10 4 1
1993|Child_ABC2|53|Mutated: 218 58 21 10 4 1
2205|Survivor|1|Mutated: 201 60 23 10 4 1
2323|Child_ABC1|40|Mutated: 201 55 21 10 4 1
2491|Child_LevyP2|55|Mutated: 192 55 24 9 4 1
2939|Child_ABC2|17|Mutated: 197 56 24 9 4 1
2999|Child_Avg|51: 197 58 21 10 4 1
3220|Survivor|1|Mutated: 182 59 21 10 4 1
3302|Child_ABC2|17: 199 59 21 10 4 1
3397|Random|31: 370 79 29 9 4 1
3443|Child_LevyC2|33: 204 58 24 11 5 1
3523|Child_LevyP1|6|Mutated: 200 58 24 9 4 1
3662|Child_Cross12|1|Mutated: 218 56 21 10 4 1
4080|Child_LevyC2|33|Mutated: 209 58 24 9 4 1
4092|Child_Avg|15|Mutated: 202 66 21 10 4 1
4185|Child_Avg|3|Mutated: 199 57 21 10 4 1
4210|Child_Cross21|2|Mutated: 176 56 21 10 4 1
4346|Child_Avg|39|Mutated: 205 60 21 10 4 1
4370|Child_Cross12|13|Mutated: 196 60 21 10 4 1
4384|Child_ABC1|40: 206 60 21 10 4 1
4386|Child_Cross21|50|Mutated: 205 60 23 10 4 1
4420|Child_ABC1|16|Mutated: 202 60 21 10 4 1
4421|Child_ABC2|41: 209 60 21 10 4 1
4510|Child_Cross21|26|Mutated: 206 60 19 10 4 1
4618|Child_LevyAVG|10|Mutated: 191 55 24 9 4 1
4677|Child_Cross21|50|Mutated: 198 46 21 10 4 1
5251|Child_LevyP2|43|Mutated: 194 55 20 9 4 1
5292|Child_Cross12|25|Mutated: 160 56 21 10 4 1
5314|Random|14: 353 80 23 10 4 1
5632|Child_Cross21|50|Mutated: 219 56 21 10 4 1
5805|Child_ABC2|53|Mutated: 155 56 21 10 4 1
5807|Child_Cross21|2|Mutated: 191 59 21 10 4 1
6102|Child_LevyAVG|58: 195 53 24 11 5 1
6364|Child_ABC2|41|Mutated: 163 59 21 10 4 1
6941|Child_Cross21|50|Mutated: 202 60 23 10 4 1
6953|Child_Cross21|14|Mutated: 202 55 21 10 4 1
7101|Child_Cross21|14|Mutated: 199 66 21 10 4 1
7105|Child_ABC1|16|Mutated: 199 58 21 10 4 1
7116|Survivor|1: 199 70 21 10 4 1
7156|Child_Cross12|37|Mutated: 161 59 21 10 4 1
7158|Child_ABC1|16: 196 59 21 10 4 1
7231|Child_Avg|51: 210 59 21 10 4 1
7235|Child_Avg|27: 209 59 21 10 4 1
7282|Child_ABC1|40|Mutated: 214 59 21 10 4 1
7300|Child_Cross12|49|Mutated: 225 51 19 10 4 1
7322|Child_Avg|27|Mutated: 200 55 21 10 4 1
7407|Child_Avg|39|Mutated: 216 59 21 10 4 1
7447|Child_ABC2|29: 208 59 21 10 4 1
7449|Child_Avg|39: 212 59 21 10 4 1
7537|Random|11: 490 170 51 19 10 4 1
7560|Child_Cross12|49|Mutated: 204 70 21 10 4 1
7571|Child_Avg|3|Mutated: 199 69 21 10 4 1
7700|Child_Cross12|25: 192 59 21 10 4 1
7786|Child_ABC2|53|Mutated: 221 59 21 10 4 1
7792|Child_Cross21|50: 217 59 21 10 4 1
7977|Child_ABC1|52|Mutated: 189 59 21 10 4 1
8017|Child_Cross21|14|Mutated: 183 59 21 10 4 1
8210|Child_LevyP1|54|Mutated: 205 58 23 10 4 1
8445|Child_ABC1|28|Mutated: 225 59 21 10 4 1
8482|Child_LevyP1|30|Mutated: 325 61 24 9 4 1
8519|Child_ABC1|4|Mutated: 230 70 21 10 4 1
8597|Child_ABC2|41|Mutated: 200 59 24 9 4 1
8834|Child_ABC2|29|Mutated: 207 59 21 10 4 1
9271|Child_Avg|27|Mutated: 188 59 21 10 4 1
9364|Child_ABC1|40|Mutated: 203 60 21 10 4 1
9711|Child_ABC1|4: 200 57 23 10 4 1
9714|Child_ABC1|28: 202 57 23 10 4 1
9952|Child_Avg|15|Mutated: 235 59 21 10 4 1
10663|Child_ABC1|16|Mutated: 198 67 21 10 4 1
10677|Child_Avg|51|Mutated: 158 57 21 10 4 1
11325|Child_LevyP1|42|Mutated: 205 48 20 9 4 1
11326|Child_Avg|27|Mutated: 201 63 20 9 4 1
11658|Child_Cross21|2|Mutated: 224 59 21 10 4 1
11729|Child_LevyP2|43|Mutated: 199 67 24 9 4 1
11739|Child_LevyABC2|24|Mutated: 199 61 24 9 4 1
12740|Child_ABC2|29|Mutated: 221 67 21 10 4 1
13393|Child_ABC1|28|Mutated: 203 55 21 10 4 1
13422|Child_Avg|51|Mutated: 203 58 21 10 4 1
13889|Child_ABC1|16|Mutated: 205 66 21 10 4 1
14331|Child_Cross21|38|Mutated: 178 56 21 10 4 1
14352|Child_ABC2|5: 186 56 21 10 4 1
15002|Survivor|1: 208 67 21 10 4 1
15004|Child_LevyP2|31: 206 58 24 11 5 1
15152|Child_Avg|39|Mutated: 211 55 21 10 4 1
15521|Survivor|1: 189 57 21 10 4 1
15569|Child_ABC2|53|Mutated: 190 66 21 10 4 1
15598|Child_ABC2|5: 190 55 21 10 4 1
15606|Survivor|1: 184 57 21 10 4 1
15626|Child_ABC2|5|Mutated: 190 49 21 10 4 1
15633|Child_ABC1|4|Mutated: 190 57 23 10 4 1
15785|Child_ABC2|41|Mutated: 210 57 21 10 4 1
15887|Child_Cross12|13|Mutated: 199 57 23 10 4 1
15954|Child_ABC1|52|Mutated: 174 56 21 10 4 1
16063|Child_LevyABC1|35|Mutated: 205 63 20 9 4 1
16221|Random|28: 352 78 23 10 4 1
16313|Child_LevyP2|43|Mutated: 182 52 20 9 4 1
16410|Child_Cross12|37|Mutated: 210 56 25 9 4 1
16428|Child_LevyP2|43|Mutated: 197 62 24 9 4 1
16700|Random|19: 359 72 27 10 4 1
16740|Child_Cross12|1|Mutated: 171 56 21 10 4 1
16837|Child_ABC2|53|Mutated: 159 56 21 10 4 1
17140|Child_Cross12|25: 214 60 21 10 4 1
17338|Child_ABC1|28: 214 56 21 10 4 1
17531|Child_ABC2|53|Mutated: 202 58 21 10 4 1
17806|Random|4: 373 79 28 13 4 1
17823|Child_LevyC1|20|Mutated: 208 55 20 9 4 1
