51|Survivor|1|Mutated: 3887 821 359 164 79 32 13 5 1 
268|Survivor|1: 1039 419 191 83 28 12 5 1 
272|Child_Cross|17: 3474 854 336 189 83 28 12 5 1 
275|Child_Cross|13: 905 356 143 69 28 12 5 1 
304|Survivor|1: 1129 327 146 56 27 13 5 1 
364|Survivor|1: 1193 393 164 62 30 11 5 1 
420|Survivor|1: 1167 410 171 65 25 11 5 1 
429|Survivor|1: 1167 410 171 64 24 11 5 1 
467|Survivor|1: 1140 377 141 70 30 12 5 1 
471|Child_Cross|10: 1136 391 166 66 30 11 5 1 
473|Child_Cross|34: 1088 395 161 66 28 12 5 1 
479|Child_Cross|2: 1154 407 167 62 28 12 5 1 
776|Survivor|1: 1059 371 133 67 31 14 4 1 
841|Survivor|1: 1460 426 161 67 33 12 5 1 
907|Survivor|1: 1540 428 182 65 28 11 4 1 
1282|Survivor|1: 1117 355 160 58 30 13 5 1 
1295|Survivor|1: 3483 797 332 115 57 30 13 5 1 
1468|Survivor|1: 1131 396 164 59 29 11 5 1 
1506|Child_Cross|26: 1131 396 164 59 30 11 5 1 
1602|Child_Avg|7: 1487 427 171 76 30 13 5 1 
1640|Survivor|1: 3415 791 280 141 69 32 13 4 1 
1744|Survivor|1: 1396 407 154 70 30 13 5 1 
1755|Survivor|1: 1396 407 154 70 36 13 4 1 
1799|Survivor|1: 4079 1152 430 136 77 28 11 4 1 
1922|Survivor|1: 2044 568 229 94 31 14 6 1 
1934|Child_Cross|14: 1206 386 167 68 29 11 5 1 
2079|Child_Levy|12: 1409 440 180 98 35 13 5 1 
2213|Child_Cross|21: 1385 489 176 68 35 12 5 1 
2240|Child_Cross|1: 4087 873 348 122 56 31 11 4 1 
2297|Survivor|1: 1085 297 123 60 28 11 4 1 
2319|Child_Cross|41: 1141 439 164 67 32 13 4 1 
2622|Survivor|1: 1087 341 149 61 30 11 5 1 
3036|Survivor|1: 1148 428 169 59 32 11 4 1 
3437|Child_Cross|37: 1391 458 186 79 40 15 4 1 
3646|Survivor|1: 1144 321 149 59 25 12 5 1 
3709|Survivor|1: 3684 983 311 150 59 31 11 4 1 
3830|Child_Levy|60: 1325 451 195 77 27 13 5 1 
3854|Child_Cross|57: 962 355 165 72 27 13 5 1 
3885|Survivor|1|Mutated: 961 355 165 72 27 13 5 1 
3903|Survivor|1|Mutated: 957 355 165 72 27 13 5 1 
3916|Child_Cross|29: 1105 376 151 63 29 13 6 1 
3922|Child_Levy|8: 1093 313 147 66 28 12 5 1 
3943|Child_Cross|53: 1154 365 188 61 35 12 5 1 
4052|Survivor|1: 1410 426 157 60 28 11 4 1 
4363|Child_Cross|22: 1348 375 156 69 28 11 4 1 
4486|Survivor|1: 3906 863 306 165 74 29 10 4 1 
4786|Survivor|1: 1326 381 165 67 35 11 4 1 
4796|Child_Cross|50: 1326 381 165 67 35 11 5 1 
4820|Survivor|1: 1200 383 177 79 32 11 4 1 
5061|Survivor|1: 912 393 151 57 28 12 5 1 
5233|Child_Cross|53: 1164 361 156 61 29 14 4 1 
5319|Survivor|1: 928 328 171 69 30 11 5 1 
5333|Child_Cross|18: 3010 1069 358 136 67 30 11 5 1 
5384|Child_Cross|22: 4363 882 363 133 66 27 10 4 1 
5501|Child_Avg|55: 1080 404 178 69 28 11 4 1 
5537|Child_Avg|23: 1108 399 147 60 28 11 4 1 
5874|Survivor|1: 1189 421 149 71 24 11 4 1 
6136|Child_Avg|59: 1053 349 152 65 28 12 5 1 
6304|Survivor|1: 4434 1028 363 161 75 24 11 4 1 
6396|Survivor|1: 1311 393 154 73 32 13 4 1 
6638|Survivor|1: 1370 518 173 77 41 13 4 1 
6859|Child_Avg|23: 853 335 161 62 30 11 5 1 
6992|Child_Cross|61: 1225 424 183 82 33 12 5 1 
7159|Survivor|1: 964 333 161 65 28 12 5 1 
7194|Survivor|1: 1155 400 173 60 31 14 4 1 
7317|Child_Cross|42: 1354 459 176 81 32 13 5 1 
7419|Survivor|1: 1323 460 189 75 35 12 5 1 
7555|Survivor|1: 1206 372 164 63 35 12 5 1 
7716|Child_Cross|30: 1409 362 163 68 31 11 4 1 
8073|Survivor|1: 1371 430 156 63 28 11 4 1 
8119|Child_Cross|26: 1314 511 187 65 28 11 4 1 
8136|Survivor|1: 1206 511 187 65 28 11 4 1 
8249|Survivor|1: 1174 319 173 60 28 11 4 1 
8314|Survivor|1: 1328 396 164 77 37 14 4 1 
8317|Survivor|1: 1328 396 164 77 28 13 4 1 
8367|Child_Cross|5: 1052 378 155 77 28 12 5 1 
8521|Survivor|1: 1119 394 143 87 32 13 4 1 
8662|Survivor|1: 1521 481 170 81 32 11 4 1 
8709|Survivor|1: 956 305 167 74 30 13 5 1 
8853|Survivor|1: 3594 877 307 107 53 28 11 4 1 
8894|Survivor|1: 4042 877 307 107 59 27 13 5 1 
9041|Child_Levy|52: 1007 392 150 78 31 14 5 1 
9150|Survivor|1: 1129 361 142 64 35 13 5 1 
9241|Survivor|1: 1003 367 153 65 30 11 5 1 
9394|Child_Levy|16: 1171 420 192 75 35 13 5 1 
9691|Child_Levy|20: 1108 421 162 69 32 11 4 1 
9797|Child_Levy|52: 1128 403 179 74 26 14 5 1 
9839|Survivor|1: 903 370 145 60 28 11 4 1 
9859|Child_Cross|18: 3271 735 263 130 60 28 11 4 1 
10039|Survivor|1: 933 323 147 69 28 12 5 1 
10180|Survivor|1: 1855 513 207 78 31 14 5 1 
10215|Survivor|1: 1063 371 149 61 29 9 4 1 
10270|Survivor|1: 1295 400 182 67 30 13 5 1 
10287|Child_Avg|51: 1128 344 160 63 28 12 5 1 
10513|Survivor|1: 1499 446 170 83 36 13 4 1 
10579|Survivor|1: 3234 768 319 143 68 23 10 4 1 
10668|Survivor|1: 1094 420 147 58 23 10 4 1 
10712|Survivor|1|Mutated: 1130 442 163 61 31 14 4 1 
11005|Child_Avg|59: 3090 812 365 155 63 32 13 4 1 
11114|Survivor|1: 1116 399 179 68 32 11 4 1 
11313|Child_Cross|41: 1444 418 184 63 35 11 4 1 
11331|Child_Levy|48: 1117 405 177 73 35 12 5 1 
11439|Survivor|1: 1257 385 162 58 28 11 4 1 
11938|Survivor|1: 1358 405 175 63 29 11 5 1 
12123|Survivor|1: 1060 328 141 55 27 10 4 1 
12233|Survivor|1: 1088 373 161 73 32 13 4 1 
12272|Survivor|1: 1145 372 167 70 31 11 4 1 
12292|Survivor|1: 1145 352 167 70 31 11 4 1 
12608|Child_Cross|38: 1378 389 148 73 28 12 5 1 
12745|Survivor|1: 1361 431 168 74 35 12 5 1 
12820|Child_Avg|7: 1343 396 156 87 32 13 4 1 
12909|Survivor|1|Mutated: 4251 1239 379 158 66 31 14 5 1 
12941|Survivor|1: 1379 385 151 67 24 11 5 1 
12969|Child_Cross|34: 1082 355 141 69 28 11 4 1 
13064|Survivor|1: 4570 3994 860 391 137 64 24 11 4 1 
13159|Survivor|1: 932 323 149 73 27 13 5 1 
13314|Child_Levy|40: 1182 353 154 75 28 12 5 1 
13316|Survivor|1|Mutated: 1182 389 153 75 28 12 5 1 
13349|Child_Avg|23: 1104 412 161 80 28 11 4 1 
13394|Survivor|1: 2007 637 246 141 66 28 12 5 1 
13418|Survivor|1: 1117 339 153 72 28 13 4 1 
13514|Survivor|1|Mutated: 1116 340 164 63 35 12 5 1 
13606|Survivor|1: 1202 372 183 77 33 14 4 1 
13835|Child_Levy|40: 1512 454 205 78 30 13 5 1 
13895|Survivor|1: 1399 492 180 67 29 13 6 1 
13899|Survivor|1: 1399 492 180 67 29 14 6 1 
14037|Survivor|1: 1153 405 165 65 27 13 5 1 
14045|Survivor|1: 1392 428 157 62 28 12 5 1 
14047|Survivor|1|Mutated: 1399 428 157 62 28 12 5 1 
14203|Survivor|1: 1131 373 171 60 32 11 4 1 
14291|Child_Cross|17: 3557 871 326 139 71 25 15 4 1 
14608|Survivor|1: 4013 1616 405 172 77 33 14 4 1 
14970|Survivor|1: 1604 587 226 82 32 13 5 1 
15239|Child_Cross|22: 3071 831 369 133 54 23 10 4 1 
15357|Survivor|1: 3876 824 281 148 54 32 13 4 1 
15528|Survivor|1: 892 342 131 62 28 12 5 1 
15970|Survivor|1|Mutated: 3789 1015 331 136 64 27 13 4 1 
16068|Child_Avg|59: 1390 578 233 96 36 13 4 1 
16074|Child_Levy|8|Mutated: 3418 843 327 175 64 28 13 4 1 
16296|Survivor|1: 1058 414 155 70 27 10 4 1 
16392|Survivor|1: 1134 338 133 57 27 13 5 1 
16580|Child_Levy|4: 1303 439 149 72 30 11 5 1 
16619|Survivor|1: 1385 426 164 91 37 14 4 1 
16787|Survivor|1: 1130 329 156 58 28 11 4 1 
16793|Survivor|1: 1130 329 156 58 30 11 5 1 
16811|Child_Cross|49: 4171 1184 322 127 56 24 11 4 1 
17036|Survivor|1: 1244 387 181 70 30 11 5 1 
17099|Child_Levy|12: 2905 771 294 127 67 24 11 5 1 
17109|Child_Avg|43: 1456 438 143 77 28 12 5 1 
17124|Survivor|1: 1287 387 141 74 28 12 5 1 
17441|Child_Cross|42: 1470 462 167 76 36 14 5 1 
17595|Survivor|1: 1042 372 160 59 30 11 5 1 
17717|Survivor|1: 1414 370 146 75 31 14 5 1 
