47|Survivor|1: 1958 692 318 149 61 24 9 4 1 
705|Survivor|1: 1949 612 256 116 57 21 10 4 1 
708|Child_CrossABC2|8: 2118 765 258 106 57 21 10 4 1 
1183|Survivor|1: 2100 801 331 132 69 27 10 4 1 
1415|Child_CrossABC2|2: 2116 813 349 138 64 24 9 4 1 
1421|Child_Cross21|18: 2078 768 309 131 64 24 9 4 1 
1616|Survivor|1: 2018 790 296 117 67 23 10 4 1 
1965|Survivor|1: 1999 697 319 135 55 23 10 4 1 
2729|Survivor|1: 2622 809 350 119 67 24 9 4 1 
3472|Child_Cross21|2: 2000 688 271 108 58 24 9 4 1 
4950|Survivor|1: 2840 785 306 137 58 24 9 4 1 
4980|Survivor|1: 2144 666 287 124 58 24 9 4 1 
4982|Survivor|1: 2031 672 293 137 58 24 9 4 1 
5164|Survivor|1: 1927 713 298 123 67 24 9 4 1 
5169|Child_Cross12|45|Mutated: 2235 713 298 123 67 24 9 4 1 
5226|Survivor|1|Mutated: 1938 677 301 119 58 24 9 4 1 
5491|Survivor|1: 1932 731 328 139 59 24 9 4 1 
5508|Survivor|1: 1947 679 293 114 56 24 9 4 1 
5867|Survivor|1: 2262 698 319 134 61 29 9 4 1 
6197|Survivor|1: 1968 723 336 121 60 23 10 4 1 
6871|Survivor|1: 1967 681 274 115 61 20 9 4 1 
7502|Child_Levy|52: 2754 835 318 118 57 23 10 4 1 
7662|Survivor|1: 2201 780 271 138 63 27 10 4 1 
7825|Survivor|1: 2513 803 286 131 65 28 11 4 1 
9000|Survivor|1: 1980 624 305 132 58 23 10 4 1 
9549|Survivor|1: 2664 997 373 142 67 23 10 4 1 
9990|Survivor|1: 2685 868 284 118 57 23 10 4 1 
10866|Survivor|1: 2091 780 291 127 69 27 10 4 1 
11857|Survivor|1: 2561 713 318 145 61 24 9 4 1 
12768|Survivor|1: 1913 755 277 128 66 27 10 4 1 
13202|Survivor|1: 2055 653 271 123 56 24 9 4 1 
13313|Child_CrossABC1|1: 1960 726 283 118 57 23 10 4 1 
13318|Child_CrossABC1|1: 2020 730 287 118 57 23 10 4 1 
13327|Survivor|1: 2012 730 287 118 57 23 10 4 1 
13533|Survivor|1: 2035 721 323 119 49 24 9 4 1 
14434|Survivor|1: 2003 739 295 138 72 27 10 4 1 
15459|Child_Avg|3: 2115 950 360 150 67 24 9 4 1 
15852|Survivor|1: 2052 614 272 137 55 24 9 4 1 
15966|Child_CrossABC2|8: 1945 606 280 126 55 24 9 4 1 
15975|Child_CrossABC1|7: 1973 613 302 129 55 24 9 4 1 
16117|Survivor|1: 2805 816 281 126 65 24 9 4 1 
16201|Survivor|1: 4889 1646 658 268 123 55 24 9 4 1 
16452|Child_CrossABC2|2: 1949 685 269 127 67 23 10 4 1 
16480|Survivor|1: 2015 690 285 119 67 23 10 4 1 
16482|Child_Cross21|58: 2017 727 285 119 67 23 10 4 1 
16485|Child_Cross12|41: 2057 794 285 119 67 23 10 4 1 
16491|Child_Cross12|53: 2093 789 285 119 67 23 10 4 1 
16505|Child_Cross12|5: 2022 727 285 119 67 23 10 4 1 
16511|Child_Cross12|53: 2017 703 285 119 67 23 10 4 1 
16514|Child_Cross21|10: 2021 722 285 119 67 23 10 4 1 
16526|Child_Cross21|34: 2026 722 285 119 67 23 10 4 1 
16528|Child_Cross21|26: 2031 708 285 119 67 23 10 4 1 
16536|Child_Cross21|2: 2031 727 285 119 67 23 10 4 1 
16538|Child_Cross21|30: 2030 717 285 119 67 23 10 4 1 
16542|Child_Avg|27: 2031 722 285 119 67 23 10 4 1 
16546|Child_Cross12|25: 2026 727 285 119 67 23 10 4 1 
16570|Child_Cross21|50: 1984 722 285 119 67 23 10 4 1 
16577|Child_Avg|15: 2016 722 285 119 67 23 10 4 1 
16582|Child_Cross12|9: 2012 722 285 119 67 23 10 4 1 
16601|Child_Cross21|42: 1983 722 285 119 67 23 10 4 1 
16603|Child_Cross12|37: 2002 722 285 119 67 23 10 4 1 
16617|Survivor|1: 2016 755 285 119 67 23 10 4 1 
16784|Survivor|1: 1952 820 300 117 59 24 9 4 1 
18623|Survivor|1: 1960 745 333 129 64 23 10 4 1 
20092|Child_Cross21|38: 1962 748 314 135 58 23 10 4 1 
20377|Child_CrossABC1|1: 2616 817 307 138 72 27 10 4 1 
20655|Survivor|1: 2140 813 309 158 63 27 10 4 1 
27273|Survivor|1: 2288 957 310 132 72 27 10 4 1 
27673|Survivor|1: 2233 678 306 147 56 24 9 4 1 
28599|Child_CrossABC1|1: 2230 669 288 114 61 24 9 4 1 
28703|Survivor|1: 1955 687 358 124 59 27 10 4 1 
30808|Survivor|1: 2031 633 245 118 57 23 10 4 1 
31075|Survivor|1: 2241 792 302 125 67 23 10 4 1 
31282|Survivor|1: 2040 751 283 121 61 24 9 4 1 
31300|Survivor|1: 1980 749 272 114 61 24 9 4 1 
31402|Survivor|1: 2115 640 304 148 63 29 10 4 1 
32965|Child_CrossABC2|2: 2082 742 327 123 62 24 9 4 1 
33881|Survivor|1: 2011 700 296 114 61 24 9 4 1 
34023|Survivor|1: 1828 626 261 114 53 24 9 4 1 
35636|Child_CrossABC1|1: 2745 810 292 126 61 24 9 4 1 
35640|Child_CrossABC1|1: 2445 716 288 138 61 24 9 4 1 
36151|Child_Cross21|50: 4392 1652 608 247 105 53 24 9 4 1 
36154|Child_Cross12|33: 4390 1652 608 247 105 53 24 9 4 1 
36157|Child_Cross21|42: 4394 1652 608 247 105 53 24 9 4 1 
36961|Survivor|1: 2859 852 337 136 61 23 10 4 1 
37343|Child_Levy|60: 2825 906 365 170 62 24 9 4 1 
38300|Survivor|1: 2127 821 310 129 73 29 10 4 1 
38346|Child_CrossABC2|2: 2183 809 336 143 67 24 9 4 1 
38357|Survivor|1: 2011 796 304 142 67 24 9 4 1 
39424|Child_CrossABC2|8: 2193 839 315 127 62 27 10 4 1 
40036|Child_Avg|27: 2474 870 324 155 57 23 10 4 1 
40037|Child_CrossABC1|1: 2244 868 324 155 57 23 10 4 1 
40048|Child_Cross21|26: 2281 868 324 155 57 23 10 4 1 
40064|Child_Cross12|53: 2754 824 339 129 57 23 10 4 1 
40065|Child_Avg|19: 2531 846 331 142 57 23 10 4 1 
40082|Survivor|1: 2042 691 295 133 57 23 10 4 1 
40539|Child_CrossABC1|1: 2520 970 331 132 62 24 9 4 1 
40585|Child_Cross21|46: 2063 848 320 151 67 23 10 4 1 
41874|Child_CrossABC1|7: 1910 718 281 138 63 27 10 4 1 
42240|Survivor|1: 2715 806 305 118 62 24 9 4 1 
42451|Child_CrossABC1|7: 1959 721 286 127 65 24 9 4 1 
42498|Survivor|1: 2711 800 280 147 59 24 9 4 1 
43032|Survivor|1: 2033 658 267 110 58 24 9 4 1 
45965|Survivor|1: 2611 784 303 116 50 24 9 4 1 
46235|Child_CrossABC2|2: 2462 753 323 141 61 24 9 4 1 
47690|Survivor|1: 2048 654 287 112 59 24 9 4 1 
48972|Survivor|1: 1976 709 320 166 67 24 9 4 1 
50494|Survivor|1: 1876 715 279 130 54 23 10 4 1 
50510|Survivor|1: 2086 663 292 109 54 23 10 4 1 
50552|Survivor|1: 2015 661 279 107 54 23 10 4 1 
53085|Survivor|1: 1945 633 270 106 51 23 10 4 1 
53233|Child_CrossABC2|2|Mutated: 2130 812 290 139 63 27 10 4 1 
53530|Survivor|1: 1959 703 301 147 64 24 9 4 1 
53997|Child_Cross21|30: 2178 759 284 121 63 27 10 4 1 
55062|Child_CrossABC1|1: 2267 846 379 138 72 27 10 4 1 
55158|Child_Cross21|54: 2232 779 302 138 72 27 10 4 1 
55182|Survivor|1: 2175 819 313 131 72 27 10 4 1 
56046|Child_CrossABC1|7: 1940 709 308 138 72 27 10 4 1 
56061|Survivor|1: 1991 682 302 130 72 27 10 4 1 
56426|Survivor|1: 2013 771 313 144 69 27 10 4 1 
57549|Child_Cross21|14: 2093 762 293 125 55 23 10 4 1 
57790|Child_Avg|59: 2124 735 303 145 54 23 10 4 1 
57801|Survivor|1: 2203 713 302 145 54 23 10 4 1 
57807|Survivor|1: 2456 713 302 145 54 23 10 4 1 
57813|Child_Levy|4: 2097 686 278 127 57 21 10 4 1 
58309|Child_Cross12|17: 2065 732 299 114 58 24 9 4 1 
58454|Survivor|1: 2961 820 349 155 64 24 9 4 1 
58466|Child_CrossABC1|1: 2500 819 344 150 59 24 9 4 1 
59052|Survivor|1: 2171 683 284 119 58 21 10 4 1 
59203|Survivor|1: 2613 790 349 150 64 24 9 4 1 
59578|Survivor|1: 2043 757 292 132 72 27 10 4 1 
60435|Child_Cross12|45: 2667 909 337 138 64 24 9 4 1 
60449|Survivor|1: 2618 764 267 129 58 24 9 4 1 
61232|Child_Cross21|2: 2071 738 265 113 55 24 9 4 1 
61324|Survivor|1: 2608 669 325 137 66 29 9 4 1 
61650|Survivor|1: 1908 696 275 141 64 24 9 4 1 
63984|Survivor|1: 1975 677 264 135 58 23 10 4 1 
65141|Survivor|1: 2031 724 319 113 64 24 9 4 1 
66050|Survivor|1: 2504 798 319 122 63 27 10 4 1 
66064|Survivor|1: 2473 773 328 122 63 27 10 4 1 
67164|Survivor|1: 2061 647 287 126 55 24 9 4 1 
14|Survivor|1: 1987 740 273 142 67 23 10 4 1 
65|Survivor|1: 2056 692 263 114 64 24 9 4 1 
958|Child_CrossABC2|8: 2041 706 271 114 56 24 9 4 1 
1058|Child_Cross12|53: 2815 746 282 131 56 21 10 4 1 
1134|Survivor|1: 2035 614 247 106 51 19 10 4 1 
1176|Child_Avg|43: 2029 605 247 106 51 19 10 4 1 
1179|Child_Cross12|9: 2013 605 247 106 51 19 10 4 1 
1353|Survivor|1: 2057 746 296 119 55 24 9 4 1 
1867|Survivor|1: 2120 786 271 114 58 24 9 4 1 
2403|Survivor|1: 2245 660 281 140 67 23 10 4 1 
3822|Survivor|1|Mutated: 2185 700 287 122 57 23 10 4 1 
3831|Child_Cross21|38: 2160 705 284 118 57 23 10 4 1 
4078|Child_CrossABC2|8: 1920 837 313 138 56 24 9 4 1 
4088|Child_Cross12|21: 1883 751 279 113 55 24 9 4 1 
4091|Child_CrossABC2|2: 1883 752 279 113 55 24 9 4 1 
4665|Child_Cross12|9: 2702 728 325 131 56 24 9 4 1 
4816|Survivor|1: 4788 1488 619 274 111 57 23 10 4 1 
5326|Child_CrossABC1|1: 2121 778 302 145 55 24 9 4 1 
7449|Survivor|1: 3286 1297 545 251 114 53 24 9 4 1 
9167|Child_CrossABC1|7: 2112 819 288 123 59 24 9 4 1 
9857|Survivor|1: 2651 969 334 151 68 29 9 4 1 
9869|Child_Levy|40: 2441 760 325 129 66 29 9 4 1 
9937|Survivor|1: 2551 723 305 123 71 24 9 4 1 
10251|Child_Cross21|34: 1955 711 265 113 56 21 10 4 1 
10817|Child_CrossABC2|8: 2638 948 395 132 62 24 9 4 1 
10824|Survivor|1: 2246 801 303 123 64 24 9 4 1 
11466|Child_CrossABC1|1: 2036 672 281 125 49 21 10 4 1 
11688|Survivor|1: 2711 882 284 138 55 24 9 4 1 
11950|Child_CrossABC2|8: 1918 830 295 114 56 24 9 4 1 
12329|Survivor|1: 2249 873 328 141 68 24 9 4 1 
13862|Survivor|1: 2171 785 286 137 55 24 9 4 1 
13998|Child_Avg|39: 1983 705 261 110 58 24 9 4 1 
14919|Survivor|1: 2173 728 319 126 64 24 9 4 1 
15067|Survivor|1: 2026 782 276 117 58 24 9 4 1 
15072|Survivor|1: 2134 717 308 129 58 24 9 4 1 
15483|Survivor|1: 2671 763 335 126 52 24 9 4 1 
15723|Survivor|1: 2093 803 327 128 53 24 9 4 1 
17169|Child_CrossABC2|2: 2027 719 287 112 57 23 10 4 1 
17175|Child_CrossABC2|8: 2030 719 287 112 57 23 10 4 1 
17177|Survivor|1: 2046 719 287 112 57 23 10 4 1 
17181|Child_CrossABC2|2: 2024 719 287 112 57 23 10 4 1 
17644|Survivor|1: 2041 772 310 126 67 24 9 4 1 
17861|Child_Avg|3: 1969 712 275 123 61 24 9 4 1 
17907|Survivor|1: 1983 636 298 114 53 24 9 4 1 
20767|Child_Avg|11: 2545 798 316 134 61 23 10 4 1 
23316|Survivor|1: 1995 635 270 117 56 24 9 4 1 
23328|Survivor|1: 1997 635 270 117 56 24 9 4 1 
23352|Child_Levy|56|Mutated: 1891 700 297 129 50 24 9 4 1 
24128|Survivor|1: 1835 657 317 114 61 24 9 4 1 
24276|Survivor|1: 2082 749 282 114 61 24 9 4 1 
24570|Survivor|1: 1893 679 253 113 61 23 10 4 1 
24768|Survivor|1: 1916 705 267 122 67 21 10 4 1 
25012|Survivor|1: 1931 747 300 124 55 21 10 4 1 
25085|Survivor|1: 2031 733 259 133 64 24 9 4 1 
26677|Survivor|1: 2467 880 312 147 62 24 9 4 1 
27253|Child_CrossABC1|1: 2179 662 291 126 59 24 9 4 1 
27263|Child_CrossABC2|8: 2213 693 277 123 59 24 9 4 1 
27286|Child_Cross12|21: 2159 701 319 121 59 24 9 4 1 
27303|Survivor|1: 1974 703 297 121 59 24 9 4 1 
27308|Child_Avg|39: 2029 703 297 121 59 24 9 4 1 
27311|Child_Cross21|38: 2028 703 297 121 59 24 9 4 1 
27312|Child_Cross12|25: 2016 703 297 121 59 24 9 4 1 
27313|Child_CrossABC2|8: 2025 703 297 121 59 24 9 4 1 
27314|Child_Cross12|37: 2022 703 297 121 59 24 9 4 1 
27316|Child_Cross21|22: 2033 703 297 121 59 24 9 4 1 
27318|Child_Avg|15: 2020 703 297 121 59 24 9 4 1 
27324|Child_Avg|59: 2026 703 297 121 59 24 9 4 1 
27345|Child_Cross12|13: 1968 703 297 121 59 24 9 4 1 
27546|Survivor|1: 2174 911 338 149 58 23 10 4 1 
28650|Child_Avg|39: 2101 864 329 137 70 23 10 4 1 
29385|Survivor|1: 1835 672 256 109 57 23 10 4 1 
30647|Survivor|1: 2056 661 343 132 58 24 9 4 1 
30765|Survivor|1: 1949 718 289 121 57 23 10 4 1 
32616|Survivor|1: 2844 1011 326 152 67 24 9 4 1 
32631|Survivor|1: 2148 692 280 130 61 24 9 4 1 
32932|Child_Avg|23: 2035 701 271 121 52 24 9 4 1 
32938|Child_CrossABC2|8: 1977 683 274 117 52 24 9 4 1 
33252|Survivor|1: 2037 797 350 147 66 29 9 4 1 
36355|Child_CrossABC2|2: 2062 791 292 108 59 24 9 4 1 
37030|Child_CrossABC1|1: 1949 672 286 123 55 24 9 4 1 
37199|Child_Levy|52: 2848 892 386 138 65 24 9 4 1 
37228|Survivor|1: 2225 816 301 163 64 24 9 4 1 
37238|Survivor|1: 1968 779 279 113 64 24 9 4 1 
37801|Survivor|1: 1957 746 304 126 59 24 9 4 1 
38002|Survivor|1: 2101 617 264 105 55 24 9 4 1 
39880|Survivor|1: 2723 872 356 150 64 29 10 4 1 
39883|Child_Cross12|45: 2555 815 340 138 63 29 10 4 1 
40547|Survivor|1: 2069 604 326 131 61 23 10 4 1 
41070|Child_Avg|15: 2189 671 290 123 61 24 9 4 1 
41096|Child_CrossABC1|1: 2189 671 290 123 59 24 9 4 1 
41779|Child_CrossABC2|2: 2002 703 327 123 62 24 9 4 1 
41783|Child_Cross21|2|Mutated: 2038 703 327 123 62 24 9 4 1 
41787|Child_Cross12|41|Mutated: 2017 703 326 123 62 24 9 4 1 
41790|Child_Avg|55: 2022 702 325 123 62 24 9 4 1 
41794|Child_Avg|23: 2101 763 326 123 62 24 9 4 1 
41796|Child_Cross21|54: 2062 733 325 123 62 24 9 4 1 
41799|Child_Cross21|14: 2062 752 325 123 62 24 9 4 1 
41804|Survivor|1: 2015 724 325 123 62 24 9 4 1 
44884|Child_CrossABC2|8: 1893 704 283 129 55 24 9 4 1 
46942|Child_CrossABC2|8: 2427 801 331 170 66 27 10 4 1 
46997|Survivor|1: 2776 760 327 114 56 24 9 4 1 
47580|Survivor|1: 2674 809 292 141 63 27 10 4 1 
47590|Survivor|1: 2582 763 290 131 63 27 10 4 1 
47607|Survivor|1: 2560 762 286 131 63 27 10 4 1 
47623|Survivor|1: 2552 764 273 131 63 27 10 4 1 
47633|Survivor|1: 2452 852 302 138 63 27 10 4 1 
50471|Child_Avg|7: 1957 810 352 143 67 23 10 4 1 
50840|Child_Cross21|26: 2850 890 299 127 69 27 10 4 1 
52063|Survivor|1: 1856 677 246 111 56 21 10 4 1 
52525|Survivor|1: 2518 756 321 127 65 24 9 4 1 
52792|Child_Avg|35: 2106 646 251 106 57 21 10 4 1 
52811|Child_Cross12|37: 2110 635 251 106 57 21 10 4 1 
52835|Child_Cross21|34: 2112 635 251 106 57 21 10 4 1 
52844|Child_Cross12|33: 2117 630 251 106 57 21 10 4 1 
52856|Child_Cross12|21: 2077 640 251 106 57 21 10 4 1 
52870|Child_Cross21|18: 2078 640 251 106 57 21 10 4 1 
52884|Child_Cross12|33: 2000 635 251 106 57 21 10 4 1 
52886|Child_Cross12|5: 2085 635 251 106 57 21 10 4 1 
52906|Child_Cross12|37: 2028 635 251 106 57 21 10 4 1 
52916|Child_Avg|3: 2016 635 251 106 57 21 10 4 1 
52936|Child_Cross12|25: 2018 635 251 106 57 21 10 4 1 
52957|Child_Cross12|53: 2004 635 251 106 57 21 10 4 1 
53142|Survivor|1: 2587 814 304 129 73 24 9 4 1 
54023|Child_CrossABC2|2: 1951 582 268 131 56 21 10 4 1 
55400|Child_CrossABC1|7: 2163 812 311 126 55 24 9 4 1 
55456|Child_Avg|7: 1990 731 285 123 59 24 9 4 1 
56384|Child_CrossABC2|2: 1964 762 295 121 56 27 10 4 1 
58188|Survivor|1: 2092 770 326 123 61 29 9 4 1 
58201|Child_CrossABC1|7: 2179 753 319 123 61 29 9 4 1 
59309|Child_Avg|19: 2039 736 280 126 59 24 9 4 1 
59694|Child_CrossABC2|2: 2178 660 265 123 57 23 10 4 1 
59698|Child_CrossABC2|8: 1903 685 265 122 57 23 10 4 1 
59968|Child_Cross21|58: 2815 870 308 117 59 27 10 4 1 
61057|Child_CrossABC2|2: 2602 749 328 132 59 24 9 4 1 