7417|Child_Cross12|25: 2067 592 262 101 57 21 10 4 1 
7425|Survivor|1: 2064 592 262 101 57 21 10 4 1 
8454|Child_CrossABC2|2: 2110 631 256 111 55 24 9 4 1 
14458|Survivor|1: 1979 616 293 129 55 24 9 4 1 
21257|Child_Avg|11: 1865 707 306 132 57 23 10 4 1 
21291|Child_CrossABC2|8: 3104 820 307 132 57 23 10 4 1 
26408|Child_CrossABC1|1: 1995 602 267 104 56 21 10 4 1 
34360|Survivor|1: 2018 625 260 101 57 21 10 4 1 
68074|Survivor|1: 1966 672 272 109 57 23 10 4 1 
69545|Child_Cross12|33: 1873 732 302 114 55 24 9 4 1 
73781|Survivor|1: 2002 615 256 114 53 24 9 4 1 
5995|Survivor|1: 1978 712 297 136 55 24 9 4 1 
8639|Survivor|1: 2150 688 323 132 57 23 10 4 1 
11910|Survivor|1: 2261 684 317 132 59 24 9 4 1 
12943|Child_Cross12|57: 2245 697 301 123 61 24 9 4 1 
24588|Child_Cross21|38: 1970 619 285 121 61 23 10 4 1 
24608|Child_Cross21|34: 2005 619 285 121 61 23 10 4 1 
24613|Child_CrossABC1|1: 2017 619 285 121 61 23 10 4 1 
24614|Survivor|1|Mutated: 2017 637 285 121 61 23 10 4 1 
24616|Child_CrossABC1|7: 2003 636 285 121 61 23 10 4 1 
24647|Survivor|1: 1966 621 281 108 61 23 10 4 1 
52520|Survivor|1: 1994 680 275 123 57 23 10 4 1 
52532|Survivor|1: 1812 663 252 119 57 23 10 4 1 
57621|Child_CrossABC2|2: 2061 631 271 114 55 27 10 4 1 
58733|Survivor|1: 2094 738 287 117 52 24 9 4 1 
79629|Survivor|1: 2196 808 310 138 63 27 10 4 1 
104621|Survivor|1: 2875 832 366 142 57 23 10 4 1 