12081|Child_CrossABC1|7: 2330 702 278 127 57 21 10 4 1 
17520|Survivor|1: 2182 693 273 122 57 23 10 4 1 
19205|Survivor|1: 2089 717 284 122 57 23 10 4 1 
19209|Survivor|1: 2089 663 284 122 57 23 10 4 1 
23472|Survivor|1: 2427 754 294 123 58 23 10 4 1 
23901|Survivor|1: 2293 892 341 135 58 23 10 4 1 
31014|Child_CrossABC1|1: 1804 733 288 122 57 23 10 4 1 
37074|Survivor|1: 2326 718 298 129 57 23 10 4 1 
37093|Child_CrossABC1|1: 2425 720 306 118 57 23 10 4 1 
53626|Child_LevyP2|10: 1745 695 268 118 57 23 10 4 1 
61619|Survivor|1: 2480 726 288 117 59 24 9 4 1 
70306|Survivor|1: 2447 782 269 123 64 24 9 4 1 
74053|Survivor|1: 2379 673 259 124 60 23 10 4 1 
52|Survivor|1: 2298 653 287 112 57 23 10 4 1 
38591|Survivor|1: 2299 684 269 136 61 23 10 4 1 
53452|Survivor|1: 2333 690 282 131 61 23 10 4 1 
57872|Survivor|1: 2541 788 309 129 55 24 9 4 1 
71030|Survivor|1: 2410 828 308 128 57 23 10 4 1 
71779|Survivor|1|Mutated: 2386 661 293 124 58 24 11 5 1 