22|Survivor|1: 417 121 46 24 9 4 1 
31|Survivor|1: 349 130 46 24 9 4 1 
62|Survivor|1: 314 117 46 24 9 4 1 
123|Survivor|1: 335 117 52 24 9 4 1 
210|Survivor|1: 212 61 23 10 4 1 
234|Survivor|1: 201 61 24 9 4 1 
261|Child_CrossABC2|8: 206 74 24 9 4 1 
316|Child_CrossABC1|7: 221 61 24 9 4 1 
341|Child_Levy|24: 206 60 21 10 4 1 
353|Survivor|1: 200 61 23 10 4 1 
357|Survivor|1: 215 59 24 9 4 1 
369|Survivor|1: 200 57 23 10 4 1 
389|Child_Cross12|17: 205 57 21 10 4 1 
394|Survivor|1: 457 156 49 21 10 4 1 
411|Child_Cross12|25|Mutated: 385 153 46 20 9 4 1 
445|Survivor|1: 492 157 55 24 11 5 1 
459|Child_CrossABC1|7: 496 157 51 23 10 4 1 
473|Child_Cross12|57: 496 149 47 23 10 4 1 
480|Child_Avg|59: 489 149 47 23 10 4 1 
482|Survivor|1: 490 149 47 23 10 4 1 
486|Child_Cross21|42: 509 148 47 23 10 4 1 
487|Child_Avg|39: 502 148 47 23 10 4 1 
488|Child_CrossABC1|1: 481 148 47 23 10 4 1 
490|Child_Avg|59: 491 149 47 23 10 4 1 
492|Child_Cross21|58: 496 148 47 23 10 4 1 
493|Child_Cross21|50: 500 149 47 23 10 4 1 
494|Child_Cross21|10: 488 148 47 23 10 4 1 
495|Child_Avg|59: 506 149 47 23 10 4 1 
497|Child_Cross12|45: 495 148 47 23 10 4 1 
499|Child_Cross21|6: 507 149 47 23 10 4 1 
501|Child_Cross12|17: 501 148 47 23 10 4 1 
503|Child_Avg|23: 498 149 47 23 10 4 1 
505|Child_Cross21|14: 503 148 47 23 10 4 1 
508|Child_Cross21|42: 510 148 47 23 10 4 1 
509|Child_Cross21|26: 505 149 47 23 10 4 1 
514|Child_Cross12|17: 508 147 47 23 10 4 1 
515|Child_Cross12|33: 518 148 47 23 10 4 1 
520|Child_Cross12|57: 513 149 47 23 10 4 1 
526|Child_Cross21|42: 512 148 47 23 10 4 1 
529|Child_Cross12|33: 500 148 47 23 10 4 1 
535|Child_Avg|11: 517 148 47 23 10 4 1 
542|Child_Cross12|49: 512 146 47 23 10 4 1 
543|Child_Avg|19: 511 146 47 23 10 4 1 
550|Child_Cross12|57|Mutated: 512 149 47 23 10 4 1 
551|Child_Cross21|46: 511 148 47 23 10 4 1 
552|Child_Cross12|33: 504 148 47 23 10 4 1 
556|Survivor|1: 514 149 47 23 10 4 1 
561|Child_Avg|11: 509 147 51 23 10 4 1 
582|Child_Cross12|1: 526 148 47 23 10 4 1 
586|Child_CrossABC1|7: 526 150 54 23 10 4 1 
588|Child_Avg|43: 515 147 47 23 10 4 1 
598|Child_CrossABC2|8: 510 148 54 23 10 4 1 
617|Child_Cross21|46: 519 148 47 23 10 4 1 
621|Child_Cross21|42|Mutated: 519 146 47 23 10 4 1 
631|Child_Cross12|33: 506 148 47 23 10 4 1 
632|Child_Avg|23: 499 148 47 23 10 4 1 
635|Child_Cross12|29: 507 148 47 23 10 4 1 
638|Child_Avg|59: 497 148 47 23 10 4 1 
644|Child_Cross21|34: 516 148 47 23 10 4 1 
689|Child_Cross12|41: 424 130 43 20 9 4 1 
708|Child_LevyP1|9: 459 138 59 24 9 4 1 
716|Survivor|1: 460 139 59 24 9 4 1 
718|Child_Cross21|54|Mutated: 565 127 54 23 10 4 1 
721|Survivor|1: 385 125 58 23 10 4 1 
725|Child_Cross12|53: 497 135 47 23 10 4 1 
728|Child_Avg|59: 470 127 53 24 9 4 1 
748|Child_CrossABC2|2: 456 133 46 24 9 4 1 
756|Survivor|1: 459 132 46 24 9 4 1 
761|Child_Cross12|1: 442 129 44 24 9 4 1 
766|Child_Avg|11: 434 127 43 24 9 4 1 
772|Child_Avg|27: 437 127 43 24 9 4 1 
780|Survivor|1: 447 127 43 24 9 4 1 
788|Child_Cross21|50: 444 127 43 24 9 4 1 
796|Child_Cross21|22: 433 127 43 24 9 4 1 
805|Child_Avg|35|Mutated: 413 149 47 24 9 4 1 
828|Survivor|1: 438 123 43 24 9 4 1 
831|Child_CrossABC2|8: 459 127 43 24 9 4 1 
841|Child_CrossABC1|7: 449 128 47 24 9 4 1 
879|Child_CrossABC2|2: 445 125 56 24 9 4 1 
885|Child_Avg|15: 413 125 52 24 9 4 1 
889|Survivor|1: 472 125 52 24 9 4 1 
911|Child_CrossABC2|8: 434 125 52 24 9 4 1 
972|Survivor|1: 202 57 23 10 4 1 
1004|Survivor|1: 361 135 47 23 10 4 1 
1013|Survivor|1: 216 58 23 10 4 1 
1024|Survivor|1: 305 116 46 20 9 4 1 
1038|Child_Cross12|17: 348 113 46 20 9 4 1 
1039|Child_CrossABC2|8: 307 110 46 20 9 4 1 
1051|Survivor|1: 304 114 43 20 9 4 1 
1058|Survivor|1: 300 116 43 20 9 4 1 
1065|Survivor|1: 344 128 48 23 10 4 1 
1080|Survivor|1: 509 180 62 27 10 4 1 
1081|Child_LevyABC1|11: 480 185 67 23 10 4 1 
1086|Survivor|1: 428 140 57 23 10 4 1 
1088|Child_CrossABC2|2: 434 143 58 24 9 4 1 
1093|Survivor|1: 396 137 55 24 9 4 1 
1094|Child_Levy|20: 389 141 52 24 9 4 1 
1101|Child_CrossABC2|8: 365 132 49 24 9 4 1 
1107|Survivor|1: 356 132 49 24 9 4 1 
1112|Child_Cross21|46: 381 133 49 24 9 4 1 
1116|Child_Cross12|13: 442 133 49 24 9 4 1 
1118|Child_Avg|3: 407 133 49 24 9 4 1 
1120|Child_Cross12|53|Mutated: 359 133 49 24 9 4 1 
1128|Child_Avg|47: 431 133 49 24 9 4 1 
1129|Child_Avg|7: 441 133 49 24 9 4 1 
1130|Child_Cross21|38: 455 133 49 24 9 4 1 
1131|Child_CrossABC2|2: 456 133 49 24 9 4 1 
1133|Child_CrossABC1|1: 454 133 49 24 9 4 1 
1135|Child_Cross21|26: 453 133 49 24 9 4 1 
1137|Child_Cross12|45: 466 133 49 24 9 4 1 
1145|Child_Cross12|29: 476 133 49 24 9 4 1 
1147|Child_Avg|55: 452 133 49 24 9 4 1 
1163|Child_Cross12|49: 451 133 49 24 9 4 1 
1165|Child_Cross12|53: 468 133 49 24 9 4 1 
1172|Child_Avg|39: 464 133 49 24 9 4 1 
1189|Child_Cross21|30: 490 133 49 24 9 4 1 
1190|Child_Avg|15: 478 133 49 24 9 4 1 
1193|Child_Cross21|30: 465 133 49 24 9 4 1 
1204|Survivor|1: 445 137 43 24 9 4 1 
1223|Child_CrossABC1|7: 456 129 52 24 9 4 1 
1227|Child_CrossABC1|1: 445 128 53 24 9 4 1 
1229|Child_Cross21|26: 464 127 49 24 9 4 1 
1230|Child_CrossABC1|1: 468 130 49 24 9 4 1 
1231|Child_CrossABC2|2: 469 129 49 24 9 4 1 
1235|Child_Cross12|9: 468 126 49 24 9 4 1 
1238|Child_CrossABC2|8: 467 132 49 24 9 4 1 
1242|Child_Avg|51: 464 126 49 24 9 4 1 
1245|Child_Avg|35: 466 126 49 24 9 4 1 
1247|Child_CrossABC2|2: 465 126 49 24 9 4 1 
1249|Child_Cross12|57: 461 126 49 24 9 4 1 
1263|Child_Avg|59: 460 126 49 24 9 4 1 
1264|Child_Avg|7: 463 126 49 24 9 4 1 
1266|Child_Cross21|42: 411 126 49 24 9 4 1 
1273|Child_Cross21|6: 462 126 49 24 9 4 1 
1274|Child_Cross12|21: 462 136 49 24 9 4 1 
1277|Child_Cross21|6: 436 126 49 24 9 4 1 
1278|Child_Avg|19: 461 133 49 24 9 4 1 
1279|Child_Avg|11: 461 127 49 24 9 4 1 
1281|Child_Cross21|6: 435 126 49 24 9 4 1 
1286|Child_Cross21|30: 462 131 49 24 9 4 1 
1299|Child_Avg|7: 465 127 49 24 9 4 1 
1300|Child_Avg|7: 439 126 49 24 9 4 1 
1306|Child_Cross21|34: 441 126 49 24 9 4 1 
1307|Child_Cross21|46: 463 127 49 24 9 4 1 
1309|Child_Cross21|10: 459 126 49 24 9 4 1 
1310|Child_Cross12|21: 458 126 49 24 9 4 1 
1315|Child_Avg|51|Mutated: 470 126 49 24 9 4 1 
1355|Child_Cross12|5: 463 125 47 23 10 4 1 
1357|Child_Cross12|49: 446 132 47 23 10 4 1 
1360|Child_Cross21|22: 455 132 47 23 10 4 1 
1363|Child_CrossABC1|7: 455 122 47 23 10 4 1 
1368|Child_Cross21|38: 457 135 47 23 10 4 1 
1369|Child_CrossABC1|1: 445 126 47 23 10 4 1 
1370|Child_Cross12|13: 456 122 47 23 10 4 1 
1373|Child_CrossABC2|8: 454 122 47 23 10 4 1 
1379|Child_Cross21|38: 453 126 47 23 10 4 1 
1381|Child_Cross21|6: 448 125 47 23 10 4 1 
1382|Child_Cross21|50: 451 125 47 23 10 4 1 
1383|Child_Avg|23: 450 125 47 23 10 4 1 
1384|Child_Avg|31: 447 125 47 23 10 4 1 
1388|Child_Cross12|49: 444 126 47 23 10 4 1 
1389|Child_CrossABC1|7: 443 126 47 23 10 4 1 
1391|Survivor|1: 441 125 47 23 10 4 1 
1393|Child_Cross21|26: 443 125 47 23 10 4 1 
1396|Child_Cross21|22: 442 125 47 23 10 4 1 
1398|Child_Cross21|18: 449 125 47 23 10 4 1 
1399|Child_Cross21|38: 444 125 47 23 10 4 1 
1400|Child_Cross21|46: 465 125 47 23 10 4 1 
1401|Child_Cross21|18: 425 125 47 23 10 4 1 
1402|Child_Cross21|54: 435 125 47 23 10 4 1 
1406|Child_Cross12|53: 466 125 47 23 10 4 1 
1407|Child_Cross12|5: 464 125 47 23 10 4 1 
1408|Child_Cross21|10: 457 125 47 23 10 4 1 
1409|Child_Cross21|10: 472 125 47 23 10 4 1 
1424|Child_Avg|51|Mutated: 448 136 47 23 10 4 1 
1428|Child_Cross12|45: 456 125 47 23 10 4 1 
1431|Child_Avg|11: 474 125 47 23 10 4 1 
1444|Child_Cross12|5: 458 125 47 23 10 4 1 
1460|Child_Avg|43: 427 125 47 23 10 4 1 
1466|Child_Cross12|45: 459 125 47 23 10 4 1 
1475|Child_Avg|27: 434 125 47 23 10 4 1 
1482|Child_Cross12|37: 426 125 47 23 10 4 1 
1485|Child_Avg|23: 433 125 47 23 10 4 1 
1498|Child_Cross21|38: 480 125 47 23 10 4 1 
1506|Child_Avg|55: 455 125 47 23 10 4 1 
1514|Child_Avg|23|Mutated: 457 125 54 23 10 4 1 
1536|Child_Avg|35: 483 125 47 23 10 4 1 