Supreme100=C100_1019|Child_CrossABC1|7: 88 33 9 4 1
Supreme250=C250_24622|Child_Cross12|45: 221 80 23 10 4 1
Supreme500=C500_416614|Child_Cross12|13: 462 189 57 23 10 4 1
Supreme750=C1000_402399|Child_CrossABC2|2: 409 156 57 23 10 4 1
Supreme2000=C3000_72159|Child_CrossABC2|8: 1196 341 138 61 24 9 4 1
Supreme3000=Lmerge_10000-3715|Child|2|Mutated: 2600 783 313 132 57 23 10 4 1
Supreme5000=L5000_3266|Child|2|Mutated: 1977 701 301 132 57 23 10 4 1
Supreme8000=C8000_42369|Child_CrossABC2|2: 5433 1558 555 270 115 56 21 10 4 1
Supreme10000=C10000_13416|Child_CrossABC1|1: 4057 1438 610 252 119 57 23 10 4 1
Supreme100000=C100000_1494|Child_Avg|59: 26712 10322 3899 1749 698 352 160 71 28 11 4 1
###

Duplicates:
Supreme1000=C1000_402399|Child_CrossABC2|2: 409 156 57 23 10 4 1
Supreme4000=Lmerge_10000-3715|Child|2|Mutated: 2600 783 313 132 57 23 10 4 1
Supreme6000=Lmerge_10000-3715|Child|2|Mutated: 2600 783 313 132 57 23 10 4 1
Supreme7000=Lmerge_10000-3715|Child|2|Mutated: 2600 783 313 132 57 23 10 4 1
Supreme9000=C8000_42369|Child_CrossABC2|2: 5433 1558 555 270 115 56 21 10 4 1
SupremeDynamic=Lmerge_10000-3715|Child|2|Mutated: 2600 783 313 132 57 23 10 4 1
