6|Child_CrossABC2|8|Mutated: 21817 9529 2779 1040 487 188 92 31 14 5 1 
10|Child_Levy|60: 22399 8362 2563 946 417 186 83 30 13 5 1 
17|Child_LevyP2|10: 22455 8517 2640 921 460 187 89 31 14 4 1 
21|Survivor|1: 22295 8052 2392 961 400 176 90 31 11 4 1 
22|Child_Cross12|41: 18086 6538 2120 891 371 173 81 29 11 5 1 
24|Child_Levy|40: 19460 6027 2054 821 363 189 82 28 12 5 1 
30|Child_CrossABC1|7: 17318 6851 2263 852 341 189 82 28 12 5 1 
34|Child_Cross12|17: 18425 6012 2143 981 338 189 82 28 12 5 1 
40|Child_Cross12|17: 19285 6070 2143 925 338 189 82 28 12 5 1 
45|Child_Levy|32: 18403 6102 2177 891 340 189 81 28 12 5 1 
50|Child_Cross12|37: 18966 6164 2246 908 316 179 71 28 11 4 1 
56|Survivor|1|Mutated: 18966 6164 2678 908 316 179 71 28 11 4 1 
93|Child_Avg|51: 19083 6109 2512 969 324 172 75 28 11 4 1 
110|Survivor|1: 21131 5794 2358 961 314 165 74 31 11 4 1 
129|Child_Levy|8: 22095 8131 2189 1032 451 171 58 23 10 4 1 
139|Child_Cross21|34: 22109 7362 2191 838 410 181 72 27 10 4 1 
141|Child_Avg|47: 21535 6387 2167 884 421 174 57 23 10 4 1 
144|Child_Cross12|37: 19313 5979 1828 768 356 181 72 27 10 4 1 
151|Child_Cross12|29: 20944 5693 2383 757 334 158 59 21 10 4 1 
153|Child_Cross21|22: 20551 6201 2125 836 329 181 72 27 10 4 1 
171|Survivor|1: 20301 6160 2191 877 319 176 65 25 9 5 1 
184|Survivor|1: 17988 5835 2080 808 302 173 66 24 11 5 1 
214|Child_Cross21|2: 18043 5657 1659 666 283 101 35 12 5 1 
215|Child_Cross12|49: 18166 5961 1679 667 245 96 33 14 6 1 
217|Child_Cross21|50: 20013 5655 1773 704 283 101 35 12 5 1 
219|Child_Avg|3: 19515 5945 1782 680 269 98 35 12 5 1 
236|Child_Avg|43: 17407 5163 1598 613 255 97 35 12 5 1 
240|Child_Cross21|38: 65904 23359 5711 2468 951 500 230 98 35 13 5 1 
242|Child_Cross12|49: 15100 4880 1655 716 249 99 35 13 5 1 
247|Child_CrossABC2|2: 13864 4687 1755 640 232 99 35 11 5 1 
278|Survivor|1: 15247 4721 1514 647 205 99 35 11 5 1 
316|Survivor|1: 24768 7213 2803 975 422 223 90 31 11 4 1 
317|Child_Cross12|17: 24768 7213 2803 975 422 185 83 36 13 4 1 
321|Child_Cross12|9: 24769 7212 2802 974 421 203 85 32 13 5 1 
327|Child_Avg|47: 23291 7075 2621 932 419 199 83 30 11 5 1 
329|Child_Levy|48: 22096 6817 2662 910 416 201 84 29 10 4 1 
340|Child_Cross21|18: 22822 6747 2729 967 390 201 84 29 10 4 1 
348|Child_Avg|59: 22252 6704 2603 958 372 201 81 29 9 4 1 
351|Child_Cross21|38: 22401 6721 2649 988 361 206 84 29 9 4 1 
352|Child_Cross21|38: 21456 6707 2633 1008 360 194 81 29 9 4 1 
356|Child_CrossABC2|2: 21218 6730 2638 1009 361 196 81 29 9 4 1 
357|Child_Levy|24|Mutated: 21892 6705 2905 1022 357 211 85 23 12 5 1 
361|Child_Avg|15: 23364 8711 3362 1321 621 310 113 40 15 4 1 
369|Child_Cross21|34: 21203 6564 2600 994 429 248 117 37 13 4 1 
374|Child_Avg|7: 20891 6460 2609 1006 423 239 107 36 13 4 1 
375|Child_Cross21|38: 21899 7781 2842 1114 401 242 107 36 13 4 1 
392|Child_CrossABC1|1: 22377 7542 2891 1146 401 242 107 36 13 4 1 
399|Child_CrossABC2|8: 22925 7537 2777 1147 437 242 107 36 13 4 1 
403|Child_Cross12|41: 21852 7099 2694 1143 437 242 107 36 13 4 1 
407|Child_Levy|24: 21633 6818 2650 1028 424 237 104 35 13 5 1 
412|Child_CrossABC1|1: 21351 6829 2646 1030 524 237 104 35 13 5 1 
415|Child_Avg|7: 22702 6916 2526 1045 487 233 103 35 13 5 1 
425|Child_CrossABC1|7: 22443 6912 2560 1051 558 231 103 35 13 5 1 
429|Child_Avg|15: 21537 6863 2507 1052 492 231 102 35 13 5 1 
430|Child_Cross12|17: 22367 6839 2455 1019 412 231 102 35 13 5 1 
431|Child_Avg|59: 23435 6752 2583 1081 473 232 100 35 12 5 1 
447|Child_Avg|11: 23343 6898 2589 1049 454 230 97 35 11 4 1 
450|Child_Cross21|6: 22824 6655 2584 1058 414 233 97 35 11 5 1 
458|Child_Avg|39: 21736 6496 2550 1017 388 230 98 35 11 4 1 
459|Child_Avg|19: 21095 6608 2572 1060 387 232 99 35 11 5 1 
460|Child_Levy|28: 22700 6547 2539 1006 388 232 95 35 11 5 1 
461|Child_Avg|27: 21240 6477 2553 1076 370 211 102 35 11 4 1 
463|Survivor|1|Mutated: 21240 6477 2553 1076 370 211 102 35 11 5 1 
473|Child_Avg|11: 20985 6460 2556 1086 364 215 100 35 11 4 1 
475|Child_Cross12|57: 20461 6293 2552 1073 357 214 99 35 11 5 1 
489|Child_Cross21|58: 20113 5927 2491 1084 334 214 99 35 11 5 1 
493|Child_Avg|23: 19748 6043 2548 1083 330 219 97 35 12 5 1 
496|Child_CrossABC1|1: 19645 5666 2685 1073 422 191 101 35 12 5 1 
498|Child_CrossABC1|7: 19661 5474 2480 1024 533 187 102 35 12 5 1 
502|Child_CrossABC2|2: 20448 5593 2496 1159 425 196 102 35 12 5 1 
505|Child_Cross12|1: 19811 5539 2695 1085 410 196 102 35 12 5 1 
508|Child_CrossABC2|8: 19811 5535 2695 1087 410 196 102 35 12 5 1 
509|Child_Avg|47: 20886 5531 2598 1077 383 192 100 35 12 5 1 
512|Child_Cross12|13|Mutated: 22549 5562 2620 1015 430 193 110 35 12 5 1 
513|Child_Avg|27: 19328 5583 2633 1082 396 193 104 35 11 4 1 
521|Child_LevyP1|9|Mutated: 19167 5917 2649 1064 413 158 102 35 12 5 1 
534|Child_Levy|56: 20374 5793 2564 1077 394 153 93 36 14 5 1 
543|Survivor|1|Mutated: 18750 6364 2236 1070 415 159 82 35 13 5 1 
545|Child_CrossABC2|8: 17723 6405 2434 1095 425 159 82 35 13 5 1 
548|Child_Cross21|18: 19388 5862 2572 1054 361 159 82 35 13 5 1 
550|Child_Cross12|9: 17631 5225 2265 938 365 163 82 35 13 5 1 
553|Child_CrossABC2|8: 20632 6136 2550 1155 384 159 82 35 13 5 1 
567|Child_Cross21|6: 21004 6736 2419 1203 380 159 82 35 13 5 1 
571|Child_Avg|27: 19998 6019 2539 1074 346 158 80 35 13 5 1 
579|Child_Avg|3: 19978 6118 2537 1082 329 161 85 35 12 5 1 
599|Child_CrossABC2|2: 19624 5999 2502 991 328 167 79 29 13 6 1 
608|Child_Levy|36: 19685 5869 2449 1016 301 176 79 29 14 4 1 
634|Child_Avg|39: 18970 5857 2424 1019 331 174 79 27 10 4 1 
638|Survivor|1|Mutated: 18970 5513 2424 1019 331 174 79 27 10 4 1 
645|Child_Cross21|22: 18535 5792 2534 855 315 174 79 27 10 4 1 
683|Child_Avg|7: 21421 6609 2603 896 412 195 75 27 13 4 1 
694|Child_Cross21|34: 21986 6527 2544 904 382 195 75 27 13 4 1 
703|Child_Avg|31: 20264 7058 3179 1059 405 208 71 27 13 5 1 
755|Child_Avg|39: 15656 4561 1644 680 248 102 39 14 4 1 
758|Survivor|1: 15726 4609 1770 687 243 101 39 14 4 1 
759|Child_Cross12|9: 14906 4589 1727 711 230 103 40 13 5 1 
778|Child_LevyP2|4: 37582 9735 3536 1055 444 227 82 28 11 4 1 
798|Child_Cross21|50: 21268 6582 2633 887 377 184 66 31 11 6 1 
800|Child_Levy|16: 26153 7783 2765 1035 422 227 80 30 11 5 1 
803|Survivor|1|Mutated: 26153 9286 2765 1035 422 227 80 30 11 4 1 
806|Child_Cross12|9: 24821 6769 2657 959 392 231 83 25 12 5 1 
807|Child_Cross21|50: 25070 7386 2681 947 365 237 82 28 12 5 1 
809|Child_CrossABC2|8: 25302 7469 2562 942 359 236 81 28 11 4 1 
810|Child_Levy|8: 22053 6998 2467 869 359 231 83 29 10 4 1 
827|Child_Levy|8: 32947 8483 3296 1652 680 285 105 31 14 5 1 
828|Child_Levy|60: 27555 7776 2900 1260 506 257 100 31 10 4 1 
829|Child_Cross12|45: 27555 7776 2900 1260 506 256 91 32 13 5 1 
846|Child_Avg|11: 27247 7822 2864 1247 501 244 91 32 13 5 1 
853|Child_Avg|7: 26320 7085 2726 1118 458 248 87 33 14 4 1 
875|Child_Levy|60: 36543 10787 2982 1306 533 208 93 36 13 4 1 
877|Child_Cross21|42: 24980 7093 2773 1107 420 208 93 36 13 4 1 
879|Child_Levy|60: 25280 7505 2717 1134 393 229 91 32 13 5 1 
882|Child_Cross12|1: 25738 7207 2754 1107 382 226 89 33 12 5 1 
887|Child_CrossABC2|2: 24254 6973 2641 1025 426 230 89 33 12 5 1 
894|Child_Cross12|17: 25844 6938 2580 1061 360 226 89 33 12 5 1 
896|Child_Cross12|17: 23787 6938 2580 1061 360 226 89 33 12 5 1 
898|Child_Avg|47: 24301 6938 2580 1061 359 226 89 33 12 5 1 
925|Child_Cross12|41: 24274 6849 2805 1050 356 231 85 35 12 5 1 
927|Survivor|1: 24261 6791 2633 1043 361 231 84 33 14 6 1 
928|Child_Levy|56: 23841 6919 2666 1066 392 226 87 32 13 4 1 
948|Child_Cross21|38: 23770 7065 2506 1063 364 227 85 32 13 4 1 
949|Child_Cross12|9: 24254 6913 2594 1123 344 224 85 32 13 4 1 
956|Child_LevyABC1|5: 20260 5940 2305 985 376 251 89 31 14 4 1 
960|Child_LevyABC1|5: 21875 5810 2257 997 373 231 83 30 13 5 1 
966|Child_CrossABC2|2|Mutated: 23593 7269 2461 1106 447 231 83 30 13 5 1 
971|Child_CrossABC2|2: 24505 7405 2400 1085 503 221 82 33 14 4 1 
980|Child_LevyP1|3: 25060 7061 2390 1055 419 227 78 31 14 4 1 
983|Child_Avg|23|Mutated: 23559 6884 2442 1007 409 235 81 32 13 5 1 
991|Child_CrossABC2|8: 23389 6905 2423 1007 489 235 81 32 13 5 1 
1004|Child_Cross21|2: 21769 6637 2371 969 368 235 81 32 13 5 1 
1011|Child_CrossABC1|1: 21894 6632 2369 974 364 235 81 32 13 5 1 
1013|Child_CrossABC2|2: 21787 6638 2368 965 362 235 81 32 13 5 1 
1016|Child_CrossABC1|1: 22052 6569 2413 1028 353 236 81 32 13 5 1 
1017|Child_Avg|23: 21904 6670 2371 988 353 225 79 32 13 4 1 
1021|Child_Cross21|54: 22158 6738 2314 973 349 227 78 31 14 5 1 
1041|Child_CrossABC2|8: 22958 6771 2376 1257 380 227 78 31 14 5 1 
1059|Child_Cross21|50: 23261 6927 2471 992 377 223 74 28 13 4 1 
1062|Child_Cross12|49: 22614 6503 2373 1032 359 223 74 28 13 4 1 
1071|Child_Cross21|38: 21551 6509 2351 1078 356 223 74 28 13 4 1 
1075|Child_Levy|12: 20966 6467 2376 1076 346 214 73 28 12 5 1 
1076|Child_Cross12|37: 21723 6364 2359 1039 341 214 73 28 12 5 1 
1092|Child_Levy|36: 19378 6536 2378 1056 315 202 78 30 11 5 1 
1102|Child_Cross12|33: 18376 5484 2412 957 308 199 68 31 11 4 1 
1118|Child_Avg|39: 17712 5732 2086 946 313 179 70 29 9 4 1 
1135|Child_LevyP2|10: 18342 6797 2360 876 328 183 69 28 11 4 1 
1170|Child_Avg|3: 18932 6447 2403 933 390 218 80 30 11 5 1 
1173|Child_Cross21|10: 21221 7235 2487 1006 381 218 80 30 11 5 1 
1184|Child_CrossABC2|2: 21720 7278 2444 995 383 218 80 30 11 5 1 
1195|Survivor|1|Mutated: 21720 6281 2444 995 383 218 80 30 11 5 1 
1204|Child_LevyP1|9: 23156 6760 2378 1001 391 216 83 30 9 5 1 
1230|Child_Levy|44: 22996 6543 2498 997 391 213 80 29 10 6 1 
1233|Child_CrossABC2|8: 22798 6377 2520 995 413 213 80 29 10 6 1 
1234|Child_CrossABC2|8: 22877 6331 2542 993 425 213 80 29 10 6 1 
1240|Survivor|1: 22766 6514 2450 1001 339 219 90 31 11 4 1 
1242|Child_Levy|52: 22341 6452 2387 980 335 227 79 31 11 4 1 
1249|Child_Cross12|41: 21601 6081 2293 973 321 209 81 29 10 4 1 
1255|Child_CrossABC1|7: 21722 5995 2324 949 319 211 81 29 10 4 1 
1271|Random|6: 23130 6680 3375 938 404 208 95 29 14 4 1 
1275|Child_Cross21|2: 21136 6159 2468 959 392 208 95 29 14 4 1 
1277|Child_Avg|31: 23447 6688 2588 1116 411 211 92 31 14 4 1 
1300|Child_Levy|60: 28174 8959 2638 1233 576 232 113 41 13 6 1 
1302|Child_LevyP1|3|Mutated: 30001 9205 2903 1236 585 226 109 37 14 6 1 
1307|Child_Cross21|30: 30001 9205 2903 1236 585 230 109 37 14 6 1 
1309|Child_Cross21|42: 23744 6887 2727 985 405 216 93 35 13 5 1 
1319|Child_Cross12|21: 23079 6693 2691 952 394 216 93 35 13 5 1 
1354|Child_Avg|19: 22311 6649 2668 944 362 214 93 35 13 5 1 
1358|Child_Avg|39: 22073 6393 2787 946 350 214 93 35 13 5 1 
1363|Child_CrossABC1|1: 21962 6571 2315 959 362 214 93 35 13 5 1 
1378|Child_Cross21|22: 22058 6492 2912 961 357 214 93 35 13 5 1 
1379|Child_CrossABC1|1: 22108 6558 2534 982 359 214 93 35 13 5 1 
1398|Survivor|1|Mutated: 22108 6701 2534 982 359 214 93 35 13 5 1 
1399|Child_Cross12|25: 22007 6830 2550 1010 350 214 93 35 13 5 1 
1400|Child_Levy|20: 22161 6156 2588 982 379 217 91 33 14 4 1 
1435|Child_Cross21|34: 21642 6471 2455 976 323 217 86 35 12 5 1 
1452|Child_CrossABC2|2: 21588 6465 2489 972 331 217 86 35 12 5 1 
1454|Child_CrossABC1|7: 21662 6445 2535 960 336 217 86 35 12 5 1 
1463|Child_Cross21|6: 21725 6364 2439 985 314 211 85 35 12 5 1 
1466|Child_CrossABC2|2: 21474 6388 2557 961 314 211 85 35 12 5 1 
1469|Child_Cross12|25: 21597 6378 2423 978 313 211 85 35 12 5 1 
1470|Child_Cross12|49: 19453 6415 2480 967 312 211 85 35 12 5 1 
1473|Child_CrossABC1|1: 19679 6397 2501 963 312 211 85 35 12 5 1 
1474|Child_CrossABC2|2: 20903 6380 2426 973 312 211 85 35 12 5 1 
1494|Child_Avg|35: 21470 6678 2856 1123 399 173 86 41 13 4 1 
1509|Child_Avg|43: 22087 6735 2806 1108 393 191 85 41 13 4 1 
1536|Child_Cross21|30: 22087 7442 2806 1108 393 191 85 41 13 4 1 
1537|Child_Avg|7: 22582 6977 2782 1107 393 186 89 36 13 4 1 
1538|Child_LevyABC2|12: 24054 6877 2632 1098 412 211 86 35 12 5 1 
1540|Child_Levy|60: 24157 6844 2624 1093 404 203 89 35 11 5 1 
1545|Child_Cross21|2: 22639 6936 2984 1177 383 203 89 35 11 5 1 
1548|Child_Cross12|57: 22639 6936 2984 1177 383 212 84 35 11 4 1 
1549|Child_CrossABC2|2: 22639 6936 2984 1177 383 203 89 35 12 5 1 
1557|Child_Avg|35: 21963 6811 2924 1125 366 203 89 35 12 5 1 
1589|Child_Avg|35: 22449 7044 2862 1130 356 214 93 35 11 5 1 
1600|Child_Avg|23: 21235 6868 2820 1127 343 214 93 35 11 5 1 
1612|Child_CrossABC2|2: 21205 6541 2796 1127 412 214 87 35 11 5 1 
1624|Child_CrossABC1|1: 21789 6395 3053 1088 489 212 87 35 11 4 1 
1647|Child_CrossABC2|8: 20975 6031 2803 1037 409 212 87 35 11 4 1 
1649|Child_Cross21|54: 20600 5975 2412 903 386 212 78 35 11 4 1 
1650|Child_Cross21|2: 21177 6098 2681 1108 412 213 86 35 11 4 1 
1658|Child_Levy|16: 21260 6236 2713 1041 386 203 89 35 12 5 1 
1685|Survivor|1|Mutated: 21260 6532 2713 1140 386 203 89 35 12 5 1 
1707|Child_CrossABC2|8: 20682 6163 2433 998 369 203 89 35 12 5 1 
1708|Child_Avg|7: 18852 6211 2451 971 351 203 89 35 12 5 1 
1709|Child_Avg|27: 17990 6099 2424 911 348 203 89 35 12 5 1 
1711|Child_CrossABC2|2: 18775 5873 2533 947 394 208 90 35 12 5 1 
1712|Child_CrossABC1|1|Mutated: 16419 6501 2513 951 424 176 91 35 12 5 1 
1713|Child_Avg|27: 18000 5859 2527 1060 368 204 89 35 12 5 1 
1714|Child_Cross21|54: 15722 6466 2507 954 415 176 91 35 12 5 1 
1720|Child_Cross12|41: 16504 6596 2367 955 368 176 91 35 12 5 1 
1722|Child_Cross12|49: 18499 6278 2478 1073 356 176 91 35 12 5 1 
1743|Child_Avg|39: 18331 6330 2512 1089 349 180 89 35 12 5 1 
1751|Child_Avg|11: 18212 6206 2636 1083 340 180 89 35 12 5 1 
1752|Child_Avg|27: 17972 6164 2547 1101 372 177 91 35 12 5 1 
1757|Child_Cross12|21: 17055 6749 2498 1157 339 176 89 35 12 5 1 
1759|Child_Cross21|14: 17458 6468 2524 1123 340 174 86 35 11 5 1 
1760|Child_CrossABC1|7: 21965 6737 2594 1138 342 173 84 35 12 5 1 
1777|Child_Avg|15: 17563 5872 2583 1036 333 171 86 35 12 5 1 
1780|Child_CrossABC2|2: 17526 5501 2475 1047 338 171 87 35 12 5 1 
1781|Child_CrossABC1|7: 17567 6000 2603 1034 336 171 85 35 12 5 1 
1785|Child_Avg|11: 18591 5893 2639 992 325 172 84 35 11 5 1 
1790|Child_CrossABC2|8: 18632 6138 2565 975 344 171 82 35 11 5 1 
1793|Child_CrossABC2|2: 18627 6239 2568 1002 382 171 84 35 11 5 1 
1797|Child_CrossABC2|8: 18791 5826 2524 1032 332 171 84 35 11 5 1 
1802|Child_Avg|51: 18916 5845 2555 1029 314 172 84 35 11 5 1 
1829|Child_Levy|16: 20212 5883 2515 1060 339 192 86 35 12 5 1 
1831|Child_Levy|52: 29340 8076 2749 1143 452 184 87 34 11 5 1 
1836|Survivor|1: 21088 6276 2422 1023 327 191 88 35 12 5 1 
1839|Child_CrossABC1|1: 23092 6659 2333 1034 341 191 88 35 12 5 1 
1844|Child_CrossABC1|7: 24294 5874 2440 1106 339 191 88 35 12 5 1 
1845|Child_Cross21|42: 20910 6146 2429 991 318 191 88 35 12 5 1 
1881|Survivor|1: 16349 4825 1525 665 242 111 31 14 5 1 
1889|Child_Cross12|1: 14132 4064 1527 688 230 111 31 14 5 1 
1915|Child_Cross12|17|Mutated: 13513 4182 1546 667 225 94 31 14 5 1 
1928|Child_Cross21|18: 15185 5781 2861 954 494 220 94 29 14 4 1 
1935|Child_Cross21|22: 15088 5778 2859 950 503 214 96 30 13 5 1 
1936|Child_Levy|16: 30596 7981 3423 1056 496 212 91 29 13 6 1 
1938|Child_Cross21|30: 30596 7981 3423 1056 496 218 82 29 13 6 1 
1939|Child_Levy|4: 26404 7261 2714 1109 460 205 95 33 12 5 1 
1950|Child_Avg|39: 22847 6863 2721 946 452 223 91 31 14 4 1 
1963|Child_CrossABC1|1: 22557 6648 2830 994 408 223 91 31 14 4 1 
1964|Child_CrossABC1|7: 22551 6566 2842 985 408 223 91 31 14 4 1 
1965|Child_Cross21|30: 22312 6790 2787 985 411 216 93 32 13 5 1 
1969|Survivor|1|Mutated: 18789 6790 2787 985 411 216 93 32 13 4 1 
1977|Child_CrossABC2|2: 17744 6800 2836 977 414 216 93 32 13 4 1 
1981|Child_Cross21|14: 22655 6938 2833 980 381 220 91 31 14 5 1 
1997|Child_Cross12|29: 18890 6383 2678 990 357 220 91 31 14 5 1 
2001|Child_LevyABC2|12: 23319 6994 2374 970 373 228 94 31 14 5 1 
2002|Child_CrossABC1|7: 18552 6334 2683 986 357 220 91 31 14 5 1 
2003|Child_Cross21|38: 18873 6684 2620 1021 351 220 91 31 14 5 1 
2010|Child_Cross21|14: 19528 6882 2487 991 346 218 91 31 14 5 1 
2012|Child_CrossABC1|1: 19451 6700 2601 992 365 220 91 31 14 5 1 
2013|Child_Cross12|37: 20437 6597 2692 1052 331 214 87 32 13 4 1 
2022|Child_Cross21|18: 20269 6573 2661 1023 327 214 87 32 13 4 1 
2028|Child_Levy|4: 18793 6267 2745 992 368 202 91 31 14 4 1 
2032|Child_CrossABC1|7: 18791 6266 2752 986 374 202 91 31 14 4 1 
2034|Child_Avg|7: 18928 6265 2755 995 365 202 91 31 14 4 1 
2041|Child_CrossABC1|7: 19033 6143 2857 1004 405 202 91 31 14 4 1 
2051|Child_Avg|59|Mutated: 19866 6342 2556 1017 364 200 78 29 11 5 1 
2078|Child_CrossABC2|2: 22107 6012 2684 1185 345 219 74 28 11 4 1 
2087|Child_Avg|55|Mutated: 18486 6157 2600 1012 363 216 83 28 12 5 1 
2091|Child_CrossABC2|2: 18154 6080 2455 1024 413 213 90 27 11 4 1 
2104|Child_CrossABC1|1: 18388 6109 2458 990 509 213 90 27 11 4 1 
2105|Child_Avg|15: 18200 6080 2469 998 418 213 90 27 11 4 1 
2107|Child_LevyP2|10: 18687 6187 2573 984 395 203 94 28 12 5 1 
2117|Child_Cross12|9: 18305 6005 2522 994 359 207 93 28 12 5 1 
2136|Child_Cross12|57: 28626 9539 3135 1204 517 255 119 35 12 5 1 
2139|Child_Cross12|25: 31317 11187 3300 1316 494 255 119 35 12 5 1 
2142|Child_CrossABC1|7: 31628 11861 3326 1389 495 255 119 35 12 5 1 
2163|Survivor|1|Mutated: 31628 11615 3310 1389 495 255 119 35 12 5 1 
2182|Child_Cross12|1: 28112 8616 3071 1175 407 255 119 35 12 5 1 
2183|Child_Cross12|45: 28206 8533 2988 1191 389 255 119 35 12 5 1 
2186|Child_Avg|11: 29214 8703 2999 1217 378 249 115 35 13 5 1 
2193|Child_CrossABC2|2|Mutated: 28132 8357 2967 1296 374 252 120 35 13 5 1 
2222|Child_Levy|28: 23876 8654 3062 1373 588 256 85 36 15 4 1 
2228|Child_CrossABC2|2: 23869 8816 2921 1400 786 254 83 36 13 4 1 
2233|Child_Avg|27: 23148 7392 2576 1062 457 262 85 35 12 5 1 
2239|Child_CrossABC2|2: 23189 7127 2591 1130 442 260 86 35 12 5 1 
2240|Child_Cross12|1: 22400 6779 2696 1230 421 257 85 35 12 5 1 
2250|Child_Cross21|22: 22708 6675 2773 1157 398 257 85 35 12 5 1 
2269|Child_Avg|7: 22265 6606 2716 1170 383 257 85 35 12 5 1 
2271|Child_Cross21|6: 23007 7013 2816 1142 391 264 85 35 12 5 1 
2272|Child_CrossABC2|2: 21958 6880 2767 1150 391 250 85 35 12 5 1 
2273|Child_Cross12|5: 22007 6587 2704 1165 382 258 85 35 12 5 1 
2275|Child_Cross12|1: 23230 6819 2766 1112 379 264 84 35 11 5 1 
2277|Child_LevyABC2|12: 22203 6676 2740 1145 367 260 84 27 13 5 1 
2290|Survivor|1|Mutated: 22203 6676 2813 1145 367 260 84 27 13 5 1 
2295|Child_CrossABC2|8: 22529 6660 2857 1066 369 261 85 26 14 5 1 
2296|Child_Avg|19: 23520 6377 2682 1046 348 248 81 30 11 5 1 
2299|Child_Avg|35: 22795 6411 2646 1066 348 248 81 30 11 5 1 
2304|Child_Cross12|41: 22795 6411 2646 1066 341 247 69 31 10 4 1 
2336|Child_Levy|12: 24333 7233 2575 1082 390 184 72 29 10 4 1 
2341|Child_CrossABC2|2: 23061 7007 2571 1073 383 172 63 27 10 4 1 
2355|Child_Cross21|50: 22219 6457 2233 949 360 171 65 27 10 4 1 
2356|Child_Avg|39: 22861 6447 2277 955 358 172 63 27 10 4 1 
2361|Child_Cross12|9: 24174 6493 2252 944 349 172 63 27 10 4 1 
2363|Child_CrossABC2|8: 22178 5836 2318 947 349 172 63 27 10 4 1 
2367|Child_Cross21|58: 22111 6199 2390 980 320 172 63 27 10 4 1 
2370|Child_Avg|35: 22111 6199 2390 980 320 159 63 27 11 4 1 
2371|Child_CrossABC2|8: 22038 6166 2373 979 323 162 64 28 13 4 1 
2376|Child_Cross12|13: 22731 6253 2382 984 319 162 64 28 13 4 1 
2380|Child_Avg|11: 22307 6255 2344 952 331 158 63 25 11 4 1 
2381|Child_CrossABC1|1: 22578 6266 2382 934 317 162 64 28 13 4 1 
2383|Child_Avg|3: 22770 6439 2354 960 317 161 64 27 13 5 1 
2397|Child_CrossABC1|7: 21065 6442 2337 923 308 158 64 23 10 4 1 
2399|Child_Levy|16: 21616 6221 2312 942 305 163 65 24 11 5 1 
2413|Child_Avg|23: 27540 10223 2828 1302 516 207 81 29 9 4 1 
2419|Survivor|1|Mutated: 27540 10223 2828 1099 516 207 81 29 9 4 1 
2420|Child_CrossABC1|1: 23722 8576 3152 1614 585 204 79 32 11 4 1 
2423|Child_LevyP1|3: 22347 7245 2774 1189 499 201 78 32 11 4 1 
2427|Survivor|1|Mutated: 22347 7245 2774 1279 499 201 78 32 11 4 1 
2432|Child_Cross12|9: 25525 7441 3673 1294 499 191 97 33 10 4 1 
2433|Child_Levy|52: 22052 7719 3572 1330 547 245 104 40 9 4 1 
2440|Child_Avg|43: 23467 7823 2726 1114 444 227 88 33 10 4 1 
2442|Child_Cross21|50: 21629 6563 2689 1014 437 215 88 33 10 4 1 
2472|Child_CrossABC1|1: 21448 6555 2695 1052 433 215 88 33 10 4 1 
2493|Survivor|1|Mutated: 21448 6555 2695 1052 433 215 88 28 11 4 1 
2495|Child_CrossABC1|1: 20862 6337 2779 1013 444 215 87 28 11 4 1 
2496|Child_Cross21|2: 22485 6653 2601 1076 378 211 86 33 9 4 1 
2500|Child_CrossABC1|1: 22655 6668 2656 1026 368 213 82 32 11 4 1 
2501|Child_CrossABC1|1: 22317 6661 2665 1030 366 215 79 31 10 4 1 
2506|Child_LevyP2|10: 23215 6727 2312 1038 351 222 89 30 11 5 1 
2511|Child_Cross21|10: 22747 6802 2484 1070 348 218 85 29 11 5 1 
2513|Child_Avg|39: 22672 6601 2413 1135 347 216 77 28 11 4 1 
2522|Child_Cross21|22: 21550 6740 2402 1110 345 216 77 28 11 4 1 
2530|Survivor|1|Mutated: 23701 6740 2402 1110 345 216 77 28 11 4 1 
2544|Child_Levy|60: 22793 6654 2351 1090 324 208 77 28 11 4 1 
2556|Child_Cross12|17: 21653 6959 2337 1083 305 207 76 28 11 4 1 
2592|Child_LevyABC1|11|Mutated: 19633 6130 2228 1284 468 219 76 25 11 4 1 
2602|Child_LevyP1|3: 24852 7900 2449 1002 429 205 90 33 10 4 1 
2604|Child_Levy|48: 22756 8175 2559 1063 467 200 76 27 13 5 1 
2614|Child_Levy|20: 22429 7085 2337 1060 421 195 77 28 12 5 1 
2634|Child_Avg|23: 18520 5621 2002 894 334 193 77 28 11 4 1 
2636|Child_Cross21|10: 18390 5780 2004 965 337 195 63 28 12 5 1 
2638|Child_Avg|23: 19371 6196 2103 928 343 190 71 28 11 4 1 
2641|Child_Cross21|54: 19143 5823 2039 919 335 184 75 28 11 4 1 
2645|Child_Cross21|18: 19978 5776 2229 942 328 189 69 28 11 4 1 
2649|Child_CrossABC1|1: 20969 5938 2207 935 325 188 69 28 11 4 1 
2652|Child_Cross21|58: 19135 5938 2215 923 322 184 75 28 11 4 1 
2655|Child_Cross21|54: 19473 5516 2252 1031 321 188 71 28 11 4 1 
2667|Survivor|1: 19848 5704 2232 918 311 187 73 28 12 5 1 
2679|Survivor|1: 20315 5650 2228 944 336 199 76 28 13 4 1 
2687|Child_Avg|15: 20314 5649 2227 943 335 199 76 28 13 4 1 
2716|Survivor|1: 19205 5568 2316 916 290 186 73 30 11 5 1 
2745|Child_Levy|36: 29569 8744 3233 1524 543 231 124 40 13 5 1 
2749|Child_Levy|8: 23605 7111 2670 1269 394 208 101 33 13 4 1 
2782|Child_Cross12|21: 28141 9346 2844 1241 445 276 105 29 14 4 1 
2797|Survivor|1: 23616 8126 2620 1091 409 240 97 33 12 5 1 
2799|Survivor|1|Mutated: 23616 8126 2620 1091 409 245 103 33 12 5 1 
2804|Child_Cross12|9: 22892 8370 2677 1038 402 245 103 33 12 5 1 
2805|Child_Cross12|57: 22857 8189 2641 1288 405 245 103 33 12 5 1 
2814|Child_Avg|23: 24657 7135 2542 1118 369 241 97 28 11 4 1 
2820|Child_CrossABC1|1|Mutated: 23517 7124 2578 1121 392 241 86 28 11 4 1 
2831|Child_Cross21|6: 23517 7124 2578 1121 392 181 82 31 13 4 1 
2841|Survivor|1: 23517 5577 2578 1121 392 181 82 31 13 4 1 
2843|Child_Avg|3: 22323 6878 2513 978 378 173 84 30 13 5 1 
2845|Child_Levy|48: 22990 7031 2608 1056 389 180 81 28 11 4 1 
2851|Child_Cross21|18: 22460 6623 2282 1011 338 180 82 29 10 4 1 
2864|Survivor|1: 21234 6373 2531 943 315 163 65 31 10 4 1 
2867|Child_Cross12|1: 21234 6373 2531 943 315 161 70 29 9 4 1 
2868|Child_Avg|51|Mutated: 23294 6159 2518 1036 317 176 77 31 10 4 1 
2900|Child_Avg|15: 27233 7704 3050 1276 443 202 79 32 11 4 1 
2902|Child_Avg|27: 24021 7181 2786 1068 365 202 74 29 10 4 1 
2906|Survivor|1|Mutated: 21008 7706 2786 1068 365 202 74 29 10 4 1 
2907|Child_Levy|60: 22457 6978 2673 950 319 199 77 29 11 5 1 
2962|Survivor|1: 18796 6430 2012 879 365 183 65 29 10 4 1 
2967|Child_Cross12|9: 18158 6474 1989 890 355 183 65 29 10 4 1 
2971|Child_Avg|35: 21931 6622 2090 849 343 190 72 29 9 4 1 
2973|Survivor|1: 19151 6508 2156 976 353 183 65 29 10 4 1 
2974|Child_Avg|11: 20481 6527 2137 932 345 183 65 29 10 4 1 
2978|Child_Cross21|10: 16964 5234 1821 874 338 179 61 30 11 5 1 
2983|Child_Cross12|5: 18438 6628 2024 881 309 179 61 30 11 5 1 
3006|Survivor|1: 16246 5031 1800 753 284 116 48 13 5 1 
3009|Child_Cross12|17: 15470 4428 1639 686 281 122 50 17 5 1 
3036|Child_Cross12|33: 14988 4917 1731 689 252 125 45 14 6 1 
3047|Survivor|1: 14732 5257 1629 702 250 99 41 14 6 1 
3051|Child_Cross21|2: 13295 4742 1805 631 226 98 40 13 5 1 
3076|Child_Avg|39: 12769 4505 1574 717 236 97 40 13 5 1 
3099|Child_CrossABC2|8: 25716 8502 3517 1463 455 214 97 37 13 4 1 
3103|Child_Cross12|33: 21463 7950 3061 1349 452 197 90 37 14 4 1 
3106|Child_Levy|16: 18669 7683 2786 1162 423 204 94 37 13 5 1 
3107|Child_CrossABC1|1|Mutated: 20260 7668 2575 1385 471 202 93 37 12 5 1 
3108|Child_Avg|11: 19886 7706 2858 1251 421 193 90 37 14 4 1 
3111|Child_LevyP2|10: 22713 7358 2719 1215 395 201 96 36 13 4 1 
3112|Survivor|1|Mutated: 22713 6102 2719 1215 395 201 96 36 13 4 1 
3134|Child_Cross12|17|Mutated: 22845 6473 2855 1234 430 208 94 41 11 5 1 
3141|Child_Cross12|21: 21896 6849 2586 1113 404 203 80 30 11 5 1 
3145|Child_Cross21|58|Mutated: 21586 6183 2652 1165 391 214 88 32 11 4 1 
3148|Child_Avg|7|Mutated: 22670 6670 2695 1141 383 242 90 32 11 4 1 
3168|Child_CrossABC2|8: 21267 6878 2441 1121 380 233 91 33 9 4 1 
3174|Child_Levy|60: 21852 6711 2453 1177 409 232 89 30 11 5 1 
3178|Child_Cross21|34: 21920 7951 2501 1035 368 232 89 30 11 5 1 
3179|Child_CrossABC2|8: 21821 6550 2452 1148 427 232 89 30 11 5 1 
3181|Child_CrossABC2|2|Mutated: 21805 6706 2636 1156 504 232 77 30 11 5 1 
3186|Child_Avg|3: 23074 7002 2466 1131 431 232 84 30 11 5 1 
3193|Child_Cross12|49: 21563 7233 2681 1181 402 196 85 27 10 4 1 
3194|Child_Levy|4: 19937 6267 2250 1026 415 229 81 30 11 5 1 
3197|Child_Cross12|49: 19663 6771 2424 1055 391 233 81 30 11 5 1 
3198|Child_Avg|43: 21102 6280 2318 1053 388 214 82 27 10 4 1 
3202|Child_Avg|3: 21219 6619 2406 1071 386 230 80 27 10 4 1 
3207|Child_CrossABC2|8: 21001 6628 2423 1082 367 233 82 27 10 4 1 
3208|Child_Cross12|57: 22987 6661 2358 1129 350 235 81 29 10 4 1 
3214|Survivor|1|Mutated: 22987 6808 2358 1129 350 235 81 29 10 4 1 
3232|Child_Levy|56: 21722 6230 2405 1061 329 233 86 30 11 5 1 
3243|Child_CrossABC2|2: 21724 6212 2467 1061 377 233 86 30 11 5 1 
3245|Child_CrossABC2|2: 21725 6236 2384 1061 384 235 84 30 11 5 1 
3248|Survivor|1|Mutated: 22838 6236 2670 1061 384 203 100 30 11 5 1 
3254|Child_CrossABC2|8: 16100 5589 2389 977 351 203 100 30 11 5 1 
3257|Child_Cross21|6: 18608 5893 2349 999 341 178 100 30 11 5 1 
3294|Child_CrossABC1|7: 23937 6807 2803 1256 544 165 93 32 15 4 1 
3315|Child_Cross12|33: 24802 6878 3074 1261 486 165 93 32 15 4 1 
3318|Child_Cross21|42: 21632 6542 2476 1126 421 161 94 34 16 5 1 
3322|Child_Cross21|50: 21632 6542 2476 1126 421 168 86 32 15 4 1 
3326|Child_LevyP2|10: 21701 6182 2392 1083 402 171 85 32 13 5 1 
3331|Child_Cross12|53: 20265 5859 2344 1053 352 169 87 28 12 5 1 
3332|Child_Cross12|5: 21162 5893 2406 1101 346 179 85 28 13 4 1 
3333|Child_CrossABC2|8: 20778 5728 2330 1061 336 173 83 28 12 5 1 
3335|Child_Cross21|18: 21360 5799 2270 1028 326 171 85 32 13 4 1 
3342|Child_Avg|7|Mutated: 21132 6025 2149 1124 382 167 83 29 14 4 1 
3348|Survivor|1|Mutated: 22865 6025 2149 1124 382 167 83 29 14 4 1 
3356|Child_Levy|44: 18237 6146 2204 895 313 169 79 28 13 4 1 
3379|Child_Avg|47: 18238 6160 2204 895 314 169 79 28 13 4 1 
3386|Child_CrossABC1|1: 19187 6033 2210 879 319 169 79 28 13 4 1 
3398|Child_Cross21|50: 18192 5863 2326 898 292 164 79 28 13 4 1 
3407|Child_Cross21|30: 19029 5781 2294 885 292 164 79 28 13 4 1 
3429|Survivor|1: 19539 5907 2247 883 281 163 74 28 12 5 1 
3500|Child_Levy|40: 45621 13304 4375 1706 872 281 128 41 14 4 1 
3501|Child_Avg|59: 19757 6955 2624 1269 428 205 88 28 11 4 1 
3506|Child_Levy|16: 17403 6106 2297 1132 429 215 89 28 12 5 1 
3508|Child_Cross21|26: 23818 7592 2701 1251 473 242 97 28 12 5 1 
3509|Child_Levy|32: 18518 5823 2256 949 429 234 97 30 11 5 1 
3510|Child_Avg|35: 20354 6435 2503 1073 460 236 101 31 11 6 1 
3512|Child_Avg|31: 20028 6422 2579 1227 449 252 98 29 13 6 1 
3514|Child_Levy|12: 20080 6169 2306 1036 429 237 100 30 11 5 1 
3517|Child_Avg|19: 19785 6548 2489 1132 428 237 100 30 11 5 1 
3529|Child_LevyP2|4: 18361 6341 2777 950 407 200 102 31 14 4 1 
3538|Child_Avg|43|Mutated: 17657 6094 2464 1009 389 202 83 30 13 5 1 
3546|Child_Avg|51: 18129 5995 2572 1064 362 205 78 32 11 4 1 
3547|Survivor|1|Mutated: 19560 6557 2572 1064 359 205 78 32 11 4 1 
3548|Child_Cross21|14: 18213 5920 2707 1092 369 203 88 30 13 5 1 
3551|Child_Cross12|29: 17758 5910 2588 1068 359 203 88 30 13 5 1 
3552|Child_CrossABC2|2: 18515 5869 2589 1065 358 204 89 28 12 5 1 
3559|Child_CrossABC2|2: 21895 6791 2843 1040 358 194 91 28 12 5 1 
3564|Child_Cross21|10: 22319 6373 2572 1059 335 205 88 28 11 4 1 
3571|Child_Levy|12|Mutated: 20709 6056 2912 863 368 197 87 27 14 4 1 
3586|Child_Avg|47: 20319 6348 2536 946 396 217 86 27 10 4 1 
3591|Survivor|1|Mutated: 20709 6056 2912 863 368 197 87 27 13 5 1 
3625|Survivor|1|Mutated: 18691 7257 2912 863 368 197 87 27 13 5 1 
3657|Survivor|1: 17840 6484 2605 804 344 195 90 27 13 5 1 
3660|Child_Cross12|13|Mutated: 21242 5629 2588 868 357 169 90 27 13 5 1 
3661|Child_Cross21|18|Mutated: 18483 5755 2464 935 386 195 103 27 13 5 1 
3665|Child_LevyP2|4|Mutated: 17709 6940 2461 976 389 204 98 33 14 6 1 
3683|Child_LevyP1|9: 17516 6779 2514 982 407 199 99 35 13 5 1 
3685|Child_Avg|35: 18605 6118 2487 871 331 183 80 30 11 5 1 
3688|Child_LevyP1|3|Mutated: 22420 6393 2401 959 337 178 77 31 10 4 1 
3725|Child_Levy|44: 28243 9207 3149 1348 609 256 93 32 11 4 1 
3733|Child_Avg|47|Mutated: 25018 8177 2863 1195 504 230 89 29 11 5 1 
3736|Child_Cross12|37: 21888 6920 2498 1015 413 230 89 29 11 5 1 
3737|Child_CrossABC1|7: 25156 7897 2863 1190 451 230 89 29 11 5 1 
3753|Child_Cross12|1: 23725 7120 2813 986 401 230 89 29 11 5 1 
3754|Child_Avg|3: 25499 7579 2811 986 401 226 89 27 10 4 1 
3768|Survivor|1|Mutated: 28311 7579 2897 986 401 226 89 27 10 4 1 
3770|Child_Cross12|1: 22800 6713 2866 1055 368 226 89 27 10 4 1 
3782|Child_Cross21|42: 22661 6943 2792 1015 345 226 89 27 10 4 1 
3793|Child_Avg|7: 21470 6852 2808 1196 426 215 89 35 12 5 1 
3805|Child_Cross21|22: 21834 6197 2878 1055 371 215 89 35 12 5 1 
3832|Child_Cross12|41: 21676 6541 2792 1042 351 208 88 35 12 5 1 
3833|Child_Cross12|29: 19691 6345 2824 1042 363 215 89 35 12 5 1 
3835|Child_CrossABC1|1: 21095 6274 2780 989 368 215 89 35 12 5 1 
3836|Child_CrossABC1|1: 21064 6328 2788 972 383 242 86 37 14 6 1 
3837|Child_Avg|19: 21723 6664 2720 1025 354 213 86 35 11 4 1 
3839|Child_CrossABC1|7: 20806 6492 2786 1061 390 222 88 35 11 5 1 
