827|Survivor|1: 2921 919 373 136 61 23 10 4 1 
3948|Child_Levy|20: 2383 718 306 148 65 27 10 4 1 
4332|Child_Cross21|34: 5038 1386 535 239 123 62 24 9 4 1 
5411|Survivor|1: 2094 829 339 137 66 21 10 4 1 
5421|Child_CrossABC1|7: 2269 817 341 129 64 24 9 4 1 
5457|Survivor|1: 6641 2419 833 350 126 59 24 9 4 1 
5475|Survivor|1: 6548 2535 936 339 126 59 24 9 4 1 
5488|Survivor|1: 5588 1919 852 342 126 59 24 9 4 1 
5740|Survivor|1: 4414 1342 611 283 124 61 19 10 4 1 
5746|Survivor|1: 4324 1338 599 275 121 61 19 10 4 1 
6691|Survivor|1: 2369 737 345 135 58 23 10 4 1 
6699|Survivor|1: 2343 766 349 135 58 23 10 4 1 
6883|Survivor|1: 2852 867 340 155 65 27 10 4 1 
7917|Child_Avg|7: 2281 736 333 134 58 24 9 4 1 
9564|Survivor|1|Mutated: 2302 760 310 125 61 24 9 4 1 
10058|Child_LevyABC2|12: 2461 840 329 126 62 24 9 4 1 
10071|Survivor|1: 2191 823 355 155 61 24 9 4 1 
10166|Survivor|1: 3852 1363 526 205 104 56 21 10 4 1 
10169|Child_Cross21|46: 4590 1363 526 205 104 56 21 10 4 1 
10365|Child_Avg|31: 3118 890 381 166 73 27 10 4 1 
11431|Survivor|1: 2167 786 359 151 65 28 11 4 1 
11513|Survivor|1: 2241 826 299 138 72 27 10 4 1 
11819|Survivor|1: 3762 1146 496 224 97 47 21 10 4 1 
11958|Survivor|1: 2277 745 300 127 65 24 9 4 1 
12094|Child_CrossABC2|2: 5559 1417 625 255 103 53 24 9 4 1 
12124|Survivor|1: 5163 1457 601 252 109 55 24 9 4 1 
12165|Survivor|1: 4325 1543 539 239 129 56 24 9 4 1 
13348|Survivor|1: 3288 1193 529 222 95 49 24 9 4 1 
13687|Survivor|1: 2501 812 334 145 69 28 11 4 1 
14695|Survivor|1: 2121 786 322 147 72 27 10 4 1 
14976|Survivor|1: 5311 1522 595 246 104 59 27 10 4 1 
15800|Child_Avg|27: 3116 969 446 177 72 27 10 4 1 
15801|Child_CrossABC1|7: 3109 936 440 177 72 27 10 4 1 
15816|Survivor|1: 2216 670 322 155 72 27 10 4 1 
16842|Survivor|1: 5273 2054 773 310 126 59 24 9 4 1 
16861|Survivor|1: 5139 1510 624 248 103 58 23 10 4 1 
16866|Survivor|1: 4858 1471 596 256 103 58 23 10 4 1 
16868|Child_Cross21|42: 4794 1479 589 253 99 57 23 10 4 1 
16918|Survivor|1: 4707 1426 593 248 95 55 24 9 4 1 
17160|Survivor|1: 2312 681 292 119 57 23 10 4 1 
17215|Child_CrossABC2|2: 2197 661 292 119 57 23 10 4 1 
18403|Survivor|1: 4715 1328 461 263 114 61 24 9 4 1 
18613|Survivor|1: 5133 1807 665 268 123 66 21 10 4 1 
18629|Survivor|1: 6235 1928 666 283 108 60 23 10 4 1 
18939|Survivor|1: 2255 709 299 127 62 27 10 4 1 
19611|Survivor|1: 5558 1345 629 290 143 61 24 9 4 1 
19659|Child_Cross12|45: 2185 675 303 130 55 24 9 4 1 
21303|Survivor|1: 2271 821 334 121 69 24 11 4 1 
21466|Survivor|1: 3610 1338 476 230 113 61 23 10 4 1 
21941|Survivor|1: 2208 827 375 138 62 27 10 4 1 
22921|Child_Cross12|37: 2298 687 302 112 69 27 10 4 1 
23379|Survivor|1: 2168 853 340 139 69 27 10 4 1 
25040|Survivor|1: 2354 823 313 129 53 24 9 4 1 
26179|Survivor|1: 3068 1107 503 205 83 48 20 9 4 1 
27759|Survivor|1: 2676 862 363 150 67 24 9 4 1 
27766|Survivor|1: 3117 862 363 150 67 24 9 4 1 
28972|Survivor|1: 4805 1273 686 273 111 56 24 9 4 1 
29177|Survivor|1: 2099 803 307 144 79 27 10 4 1 
30296|Survivor|1: 2268 863 325 155 72 27 10 4 1 
30304|Survivor|1: 2369 825 328 156 72 27 10 4 1 
31115|Survivor|1: 2427 748 307 141 56 24 9 4 1 
31156|Survivor|1: 2332 765 303 123 61 24 9 4 1 
31178|Child_CrossABC2|2: 2045 800 307 132 61 24 9 4 1 
32226|Child_Cross12|21: 4340 1593 582 267 132 55 24 9 4 1 
32241|Survivor|1: 4499 1371 708 295 114 50 24 9 4 1 
34906|Child_LevyP2|4: 2337 741 325 146 64 24 11 5 1 
35117|Child_CrossABC1|1: 2380 697 307 125 62 27 10 4 1 
35132|Child_Avg|15: 2383 696 307 125 62 27 10 4 1 
35141|Child_Cross12|21: 2395 697 307 125 62 27 10 4 1 
35156|Child_Cross21|58: 2385 697 307 125 62 27 10 4 1 
35158|Child_Cross12|45: 2390 697 307 125 62 27 10 4 1 
35166|Child_Cross21|10: 2385 696 307 125 62 27 10 4 1 
35180|Child_Cross21|42: 2378 696 307 125 62 27 10 4 1 
35192|Survivor|1: 2373 696 307 125 62 27 10 4 1 
35197|Child_Cross12|13: 2379 696 307 125 62 27 10 4 1 
35204|Child_Cross12|37: 2368 696 307 125 62 27 10 4 1 
35207|Child_Avg|27: 2371 764 307 125 62 27 10 4 1 
35212|Child_Avg|43: 2369 696 307 125 62 27 10 4 1 
35226|Child_Cross21|42: 2230 696 307 125 62 27 10 4 1 
35237|Child_Cross12|57: 2350 696 307 125 62 27 10 4 1 
35242|Child_Avg|35: 2292 696 307 125 62 27 10 4 1 
35243|Child_Cross12|13: 2355 696 307 125 62 27 10 4 1 
35245|Child_CrossABC2|8: 2343 696 307 125 62 27 10 4 1 
35249|Child_Avg|15: 2321 696 307 125 62 27 10 4 1 
35250|Child_Cross12|57: 2306 696 307 125 62 27 10 4 1 
35251|Child_Cross12|21: 2303 696 307 125 62 27 10 4 1 
35252|Child_Cross12|17: 2322 696 307 125 62 27 10 4 1 
35601|Survivor|1: 2174 645 282 130 61 24 9 4 1 
36028|Survivor|1: 3127 827 291 151 67 24 9 4 1 
36134|Survivor|1: 5514 1425 560 239 117 67 23 10 4 1 
36166|Child_Cross21|54|Mutated: 5076 1425 560 239 117 67 23 10 4 1 
36179|Child_CrossABC2|8: 5020 1425 560 239 117 67 23 10 4 1 
36188|Child_CrossABC2|8: 5026 1425 560 239 117 67 23 10 4 1 
36189|Child_CrossABC1|7: 4981 1425 560 239 117 67 23 10 4 1 
36190|Child_CrossABC1|1: 5071 1425 560 239 117 67 23 10 4 1 
36191|Child_CrossABC2|8: 5050 1425 560 239 117 67 23 10 4 1 
36192|Child_Cross21|46: 4937 1425 560 239 117 67 23 10 4 1 
36193|Child_CrossABC1|7: 4928 1425 560 239 117 67 23 10 4 1 
36194|Child_CrossABC2|2: 5092 1425 560 239 117 67 23 10 4 1 
36197|Child_CrossABC2|2: 5309 1425 560 239 117 67 23 10 4 1 
36199|Child_Cross12|37: 5160 1425 560 239 117 67 23 10 4 1 
36200|Child_CrossABC1|1: 4931 1425 560 239 117 67 23 10 4 1 
36201|Child_CrossABC1|1: 5149 1425 560 239 117 67 23 10 4 1 
36202|Child_CrossABC1|7: 4953 1425 560 239 117 67 23 10 4 1 
36203|Child_CrossABC1|1: 4719 1425 560 239 117 67 23 10 4 1 
36204|Child_CrossABC1|1: 4864 1425 560 239 117 67 23 10 4 1 
36207|Survivor|1: 4726 1425 560 239 117 67 23 10 4 1 
36208|Child_CrossABC2|8: 4874 1425 560 239 117 67 23 10 4 1 
36210|Child_Cross12|37: 4721 1425 560 239 117 67 23 10 4 1 
36212|Child_CrossABC1|1: 4787 1425 560 239 117 67 23 10 4 1 
36213|Child_Cross12|25: 4985 1425 560 239 117 67 23 10 4 1 
36214|Child_CrossABC1|1: 4813 1425 560 239 117 67 23 10 4 1 
36216|Child_Avg|59: 4898 1425 560 239 117 67 23 10 4 1 
36217|Child_Cross12|25: 4971 1425 560 239 117 67 23 10 4 1 
36218|Child_Cross12|9: 4904 1425 560 239 117 67 23 10 4 1 
36219|Child_Cross12|9: 4945 1425 560 239 117 67 23 10 4 1 
36220|Child_Cross12|13: 4939 1425 560 239 117 67 23 10 4 1 
36221|Child_Cross12|53: 4879 1425 560 239 117 67 23 10 4 1 
36223|Child_Cross21|42: 4853 1425 560 239 117 67 23 10 4 1 
36225|Child_Cross21|42: 4943 1425 560 239 117 67 23 10 4 1 
36227|Child_Avg|55: 4889 1425 560 239 117 67 23 10 4 1 
36229|Child_Cross12|57: 4918 1425 560 239 117 67 23 10 4 1 
36234|Child_Avg|27: 4935 1425 560 239 117 67 23 10 4 1 
36235|Child_Cross12|9: 4932 1425 560 239 117 67 23 10 4 1 
36237|Child_Avg|3: 4930 1425 560 239 117 67 23 10 4 1 
36239|Child_Cross12|17: 4954 1425 560 239 117 67 23 10 4 1 
36240|Child_Cross21|50: 4955 1425 560 239 117 67 23 10 4 1 
36242|Child_Cross21|22: 4965 1425 560 239 117 67 23 10 4 1 
36243|Child_Cross12|5: 4914 1425 560 239 117 67 23 10 4 1 
36245|Child_Cross21|10: 4944 1425 560 239 117 67 23 10 4 1 
36247|Child_Cross21|30: 4949 1425 560 239 117 67 23 10 4 1 
36248|Child_Cross21|18: 4940 1425 560 239 117 67 23 10 4 1 
36249|Child_Cross12|41|Mutated: 4958 1425 560 239 117 67 23 10 4 1 
36251|Child_Cross21|34: 4934 1425 560 239 117 67 23 10 4 1 
36257|Child_Avg|35: 4883 1425 560 239 117 67 23 10 4 1 
36261|Child_CrossABC1|1: 4969 1425 560 239 117 67 23 10 4 1 
36263|Child_Cross21|14: 4927 1425 560 239 117 67 23 10 4 1 
36264|Child_Cross12|13: 4919 1425 560 239 117 67 23 10 4 1 
36269|Child_Avg|31: 4929 1425 560 239 117 67 23 10 4 1 
36270|Child_Avg|59: 4942 1425 560 239 117 67 23 10 4 1 
36273|Child_CrossABC1|7: 4948 1425 560 239 117 67 23 10 4 1 
36278|Child_Cross21|2: 4960 1425 560 239 117 67 23 10 4 1 
36284|Child_Avg|39: 4946 1425 560 239 117 67 23 10 4 1 
36293|Child_Cross12|49: 4950 1425 560 239 117 67 23 10 4 1 
36296|Child_Cross21|42: 4941 1425 560 239 117 67 23 10 4 1 
36298|Child_Cross21|10: 4936 1425 560 239 117 67 23 10 4 1 
36302|Child_Avg|31: 4938 1425 560 239 117 67 23 10 4 1 
36311|Child_Cross21|18: 4951 1425 560 239 117 67 23 10 4 1 
36334|Child_Cross12|45: 4959 1425 560 239 117 67 23 10 4 1 
36344|Child_Cross21|22: 4970 1425 560 239 117 67 23 10 4 1 
36346|Child_Cross12|25: 4946 1395 560 239 117 67 23 10 4 1 
36812|Survivor|1: 5585 1602 567 242 101 57 23 10 4 1 
36843|Survivor|1: 3514 1070 405 165 68 24 9 4 1 
37263|Survivor|1: 2578 787 361 153 73 30 11 5 1 
38824|Survivor|1: 3153 984 345 153 58 24 9 4 1 
38827|Child_Cross12|9: 2316 721 302 138 55 24 9 4 1 
38838|Survivor|1: 2378 729 322 139 55 24 9 4 1 
38925|Survivor|1: 2306 975 373 167 73 27 10 4 1 
40272|Survivor|1: 3370 1017 387 186 65 27 10 4 1 
40290|Survivor|1: 2225 827 313 142 65 27 10 4 1 
40296|Child_CrossABC1|1: 2308 795 306 144 65 27 10 4 1 
41444|Child_Levy|40: 3020 905 395 154 69 27 10 4 1 
42235|Survivor|1: 2553 875 327 147 64 24 9 4 1 
42251|Survivor|1|Mutated: 2408 875 327 147 64 24 9 4 1 
42253|Child_Avg|11: 2259 805 317 147 64 24 9 4 1 
42287|Child_Levy|4: 5310 1853 651 244 117 57 21 10 4 1 
42312|Survivor|1: 5192 1846 618 251 117 57 21 10 4 1 
42322|Child_Avg|51: 5182 1793 641 251 117 57 21 10 4 1 
42324|Child_CrossABC2|8: 5190 1848 651 251 117 57 21 10 4 1 
42340|Child_CrossABC1|1: 5924 1701 570 253 118 56 21 10 4 1 
42360|Child_Cross12|1|Mutated: 5527 1642 547 253 115 56 21 10 4 1 
42364|Child_Cross21|6: 5401 1585 563 260 115 56 21 10 4 1 
42369|Child_CrossABC2|2: 5433 1558 555 270 115 56 21 10 4 1 
42981|Survivor|1: 2107 753 315 120 67 23 10 4 1 
43342|Survivor|1: 3374 1285 495 206 87 43 20 9 4 1 
43432|Child_Cross12|53: 2248 824 329 138 64 24 11 5 1 
43667|Child_CrossABC2|8: 3713 1380 558 228 109 54 20 9 4 1 
44867|Child_CrossABC1|1: 3518 1295 488 227 94 51 19 10 4 1 
45278|Child_CrossABC2|8: 4422 1429 516 277 122 58 24 11 4 1 
45287|Survivor|1: 3860 1437 541 255 101 60 23 10 4 1 
45469|Child_Avg|23: 3015 764 342 136 71 23 10 4 1 
45758|Survivor|1: 3579 1507 574 239 117 59 24 9 4 1 
46419|Survivor|1: 1906 710 300 135 58 23 10 4 1 
46904|Survivor|1: 3499 1343 519 232 109 53 24 9 4 1 
48255|Survivor|1: 2277 893 370 165 64 29 10 4 1 
48810|Child_Levy|24: 2298 883 311 132 62 24 9 4 1 
49059|Survivor|1: 3102 769 327 155 61 29 9 4 1 
49417|Child_Cross21|46: 2381 865 404 147 72 27 10 4 1 
49774|Child_Cross21|26|Mutated: 2317 825 328 138 72 27 10 4 1 
49817|Child_Cross21|46: 2164 880 301 132 57 23 10 4 1 
49884|Survivor|1: 3646 1418 551 241 101 61 24 9 4 1 
49895|Survivor|1: 3685 1402 557 240 103 59 24 9 4 1 
49900|Survivor|1: 3694 1402 557 240 103 59 24 9 4 1 
50969|Child_Cross21|58: 3574 1199 503 237 106 57 21 10 4 1 
50975|Survivor|1: 3663 1115 495 236 106 57 21 10 4 1 
51958|Survivor|1: 3007 1223 485 209 101 43 20 9 4 1 
52171|Survivor|1: 2272 874 323 139 64 29 10 4 1 
52830|Survivor|1: 2292 933 295 128 72 27 10 4 1 
53608|Survivor|1|Mutated: 2286 724 334 129 58 24 9 4 1 
54059|Survivor|1: 4833 1392 567 233 98 57 23 10 4 1 
54207|Survivor|1: 2342 729 289 123 61 23 10 4 1 
54214|Child_Avg|35: 2311 704 277 121 61 23 10 4 1 
54481|Child_CrossABC2|2: 5015 1265 573 274 111 55 24 9 4 1 
54719|Survivor|1: 2164 763 337 127 61 24 9 4 1 
55436|Child_Cross21|38: 3334 1212 527 239 107 64 24 9 4 1 
55520|Child_CrossABC2|2: 3648 1329 487 219 103 56 21 10 4 1 
