5995|Survivor|1: 1978 712 297 136 55 24 9 4 1 
8639|Survivor|1: 2150 688 323 132 57 23 10 4 1 
11910|Survivor|1: 2261 684 317 132 59 24 9 4 1 
12943|Child_Cross12|57: 2245 697 301 123 61 24 9 4 1 
24588|Child_Cross21|38: 1970 619 285 121 61 23 10 4 1 
24608|Child_Cross21|34: 2005 619 285 121 61 23 10 4 1 
24613|Child_CrossABC1|1: 2017 619 285 121 61 23 10 4 1 
24614|Survivor|1|Mutated: 2017 637 285 121 61 23 10 4 1 
24616|Child_CrossABC1|7: 2003 636 285 121 61 23 10 4 1 
24647|Survivor|1: 1966 621 281 108 61 23 10 4 1 
52520|Survivor|1: 1994 680 275 123 57 23 10 4 1 
52532|Survivor|1: 1812 663 252 119 57 23 10 4 1 
57621|Child_CrossABC2|2: 2061 631 271 114 55 27 10 4 1 
58733|Survivor|1: 2094 738 287 117 52 24 9 4 1 
79629|Survivor|1: 2196 808 310 138 63 27 10 4 1 
104621|Survivor|1: 2875 832 366 142 57 23 10 4 1 
