323|Child_Cross21|58: 1175 345 133 49 24 9 4 1 
333|Survivor|1: 1183 346 133 49 24 9 4 1 
338|Child_Cross21|14: 1187 346 133 49 24 9 4 1 
344|Child_Cross12|25: 1218 346 133 49 24 9 4 1 
345|Child_Cross12|29: 1186 346 133 49 24 9 4 1 
372|Child_Cross12|9: 1190 358 133 49 24 9 4 1 
1150|Child_Cross12|53|Mutated: 1118 331 137 62 24 9 4 1 
1232|Survivor|1: 862 275 117 49 24 9 4 1 
1461|Child_Cross12|17: 861 315 125 47 23 10 4 1 
1519|Child_Cross12|17: 857 324 125 47 23 10 4 1 
1537|Child_Cross21|46: 865 324 125 47 23 10 4 1 
1543|Child_Cross21|38: 849 324 125 47 23 10 4 1 
1549|Child_Cross12|33: 854 317 125 47 23 10 4 1 
1563|Child_Cross12|9: 853 324 125 47 23 10 4 1 
1760|Survivor|1: 1114 345 135 57 23 10 4 1 
1768|Survivor|1|Mutated: 1114 299 135 57 23 10 4 1 
2047|Survivor|1: 875 351 135 52 24 9 4 1 
3334|Child_Levy|24: 1096 337 145 57 23 10 4 1 
3512|Survivor|1: 842 349 119 57 23 10 4 1 
4234|Survivor|1: 907 337 126 49 24 9 4 1 
4264|Survivor|1: 818 321 118 47 21 10 4 1 
4753|Child_Avg|19: 1163 319 121 51 23 10 4 1 
5408|Child_CrossABC1|7: 844 321 130 49 24 9 4 1 
5410|Child_Cross12|29: 861 315 117 49 24 9 4 1 
5585|Child_Cross12|57: 929 310 125 56 21 10 4 1 
5612|Survivor|1: 874 281 123 47 21 10 4 1 
5859|Survivor|1: 848 299 124 46 24 9 4 1 
6056|Survivor|1: 1111 335 136 55 24 9 4 1 
6146|Child_CrossABC1|7: 855 330 127 54 23 10 4 1 
6435|Survivor|1: 1234 328 131 51 23 10 4 1 
6474|Child_Cross21|50: 1145 324 125 47 23 10 4 1 
6491|Child_Cross12|29: 1133 317 125 47 23 10 4 1 
6492|Child_Avg|7: 1138 316 125 47 23 10 4 1 
6497|Child_Avg|43: 1134 316 125 47 23 10 4 1 
6504|Child_Cross21|2: 1133 316 125 47 23 10 4 1 
6513|Child_Cross21|38: 1137 316 125 47 23 10 4 1 
6560|Survivor|1: 1141 316 125 47 23 10 4 1 
8044|Child_Cross12|37: 1086 339 139 59 27 10 4 1 
8379|Survivor|1: 926 287 133 57 23 10 4 1 
8442|Survivor|1|Mutated: 1139 413 138 56 21 10 4 1 
8535|Survivor|1: 938 333 129 55 24 9 4 1 
8548|Child_Cross21|22: 962 351 137 55 24 9 4 1 
8572|Child_Cross12|29: 1140 323 129 52 24 9 4 1 
8574|Child_Cross21|30: 935 323 129 52 24 9 4 1 
8576|Survivor|1: 938 323 129 52 24 9 4 1 
8607|Survivor|1: 874 322 114 53 24 9 4 1 
8756|Child_Cross21|42: 864 310 129 49 24 9 4 1 
9348|Survivor|1: 899 325 131 64 24 9 4 1 
9361|Survivor|1: 834 317 132 59 24 9 4 1 
9738|Survivor|1: 1152 319 129 50 24 9 4 1 
9908|Child_LevyABC2|12: 1109 334 126 55 24 9 4 1 
10228|Survivor|1: 912 313 135 52 24 9 4 1 
10233|Survivor|1: 1083 351 142 55 24 9 4 1 
10391|Survivor|1: 867 260 118 49 21 10 4 1 
11277|Survivor|1: 893 321 129 50 24 9 4 1 
12473|Child_Cross21|14: 1090 342 129 49 24 9 4 1 
12482|Survivor|1: 1106 345 130 49 24 9 4 1 
12491|Survivor|1: 1260 384 147 59 21 10 4 1 
12642|Child_Cross21|10: 1112 313 126 49 24 9 4 1 
12713|Child_Cross12|13: 864 313 130 49 24 9 4 1 
14620|Child_CrossABC2|8: 1076 325 134 50 24 9 4 1 
15040|Child_CrossABC2|2: 876 313 129 53 24 9 4 1 
15050|Survivor|1: 881 327 129 52 24 9 4 1 
15431|Survivor|1: 871 300 125 47 23 10 4 1 
15473|Child_Cross21|54: 857 300 125 47 23 10 4 1 
15500|Survivor|1: 855 300 125 47 23 10 4 1 
16185|Survivor|1: 1082 341 126 49 24 9 4 1 
16392|Survivor|1: 869 334 145 61 24 9 4 1 
16432|Survivor|1: 854 321 143 55 24 9 4 1 
16738|Survivor|1: 919 308 130 59 21 10 4 1 
17326|Child_Cross12|21: 828 307 133 49 24 9 4 1 
17327|Child_Cross21|18: 824 305 130 49 24 9 4 1 
17375|Child_Cross21|26: 845 304 130 49 24 9 4 1 
17850|Child_Avg|51|Mutated: 1288 339 132 62 24 9 4 1 
17859|Survivor|1: 1103 298 135 55 24 9 4 1 
18332|Survivor|1: 947 302 141 59 24 9 4 1 
18356|Child_CrossABC2|2: 873 318 129 49 24 9 4 1 
18405|Survivor|1: 1054 350 145 55 24 9 4 1 
18414|Survivor|1: 1199 377 139 58 24 9 4 1 
18437|Survivor|1: 1250 344 140 61 24 9 4 1 
18808|Survivor|1: 868 323 129 52 24 9 4 1 
19333|Survivor|1: 879 313 117 52 24 9 4 1 
19410|Child_CrossABC1|7: 851 297 119 49 24 9 4 1 
19420|Child_Cross12|9: 856 297 118 49 24 9 4 1 
19424|Child_Cross12|13: 855 297 119 49 24 9 4 1 
19428|Child_Cross12|37: 827 297 119 49 24 9 4 1 
19434|Child_Cross21|38: 844 297 118 49 24 9 4 1 
19502|Survivor|1: 853 297 118 49 24 9 4 1 
19550|Survivor|1: 1167 455 156 70 30 11 5 1 
19574|Survivor|1: 1017 394 146 61 29 10 4 1 
19681|Survivor|1: 1063 321 119 54 23 10 4 1 
19942|Survivor|1: 858 297 119 49 24 9 4 1 
19979|Child_CrossABC2|8: 860 299 117 49 24 9 4 1 
19988|Survivor|1: 844 299 117 49 24 9 4 1 
20047|Survivor|1: 888 286 126 59 24 9 4 1 
20199|Survivor|1: 1193 349 147 59 24 9 4 1 
20218|Survivor|1: 1152 353 148 58 24 9 4 1 
20231|Survivor|1: 1166 357 145 55 24 9 4 1 
20256|Child_CrossABC1|7: 1205 382 145 52 24 9 4 1 
20262|Survivor|1: 1204 382 145 52 24 9 4 1 
20282|Child_Cross12|41: 1148 333 133 49 24 9 4 1 
20301|Child_Cross21|26: 1138 332 133 49 24 9 4 1 
20305|Child_Cross21|6: 1155 332 133 49 24 9 4 1 
20313|Child_Cross12|41: 1148 332 133 49 24 9 4 1 
20318|Child_Cross21|26: 1152 332 133 49 24 9 4 1 
20332|Child_Cross12|25: 1141 332 133 49 24 9 4 1 
20356|Child_Avg|55: 1153 332 133 49 24 9 4 1 
20357|Child_Cross21|30: 1156 332 133 49 24 9 4 1 
20369|Child_Cross12|53: 1170 332 133 49 24 9 4 1 
20966|Survivor|1: 1082 348 139 53 24 9 4 1 
21291|Survivor|1: 1204 392 139 59 27 10 4 1 
21325|Child_Cross21|50: 907 372 149 55 27 10 4 1 
21366|Child_Avg|55: 946 347 131 55 27 10 4 1 
21367|Child_Cross21|58: 943 348 131 55 27 10 4 1 
21368|Child_Cross12|49: 950 347 131 55 27 10 4 1 
22398|Survivor|1: 1063 328 152 57 23 10 4 1 
22407|Survivor|1: 1136 340 133 52 24 9 4 1 
22545|Survivor|1: 1104 304 131 52 24 9 4 1 
23459|Child_CrossABC2|8: 798 307 137 55 24 9 4 1 
24456|Survivor|1: 860 316 127 61 24 9 4 1 
24556|Survivor|1: 831 300 121 51 23 10 4 1 
24903|Survivor|1: 1143 332 125 47 23 10 4 1 
24911|Child_Cross12|1: 1133 325 125 47 23 10 4 1 
24915|Child_Avg|35: 1135 332 125 47 23 10 4 1 
24918|Child_Cross12|25: 1115 332 125 47 23 10 4 1 
24939|Child_Cross12|21: 1119 332 125 47 23 10 4 1 
24948|Child_Cross12|53: 1142 332 125 47 23 10 4 1 
24957|Survivor|1: 1139 332 125 47 23 10 4 1 
25011|Child_Cross21|54: 1072 332 125 47 23 10 4 1 
25019|Child_Cross21|6: 1127 332 125 47 23 10 4 1 
25058|Child_Cross21|34: 1121 339 150 59 24 9 4 1 
25748|Survivor|1: 1347 461 181 67 30 11 5 1 
26227|Child_LevyABC2|6|Mutated: 1183 350 128 56 21 10 4 1 
27385|Child_Cross12|29: 963 343 129 50 24 9 4 1 
27460|Survivor|1: 1215 325 133 57 23 10 4 1 
28030|Survivor|1: 819 301 125 47 23 10 4 1 
29009|Survivor|1: 1268 359 127 72 27 10 4 1 
29016|Survivor|1: 1134 319 129 64 24 9 4 1 
29111|Child_Levy|16|Mutated: 944 334 129 56 24 9 4 1 
29581|Survivor|1: 1352 377 152 61 29 9 4 1 
29918|Survivor|1: 1116 334 154 62 27 10 4 1 
30610|Child_LevyABC1|11|Mutated: 1145 332 124 74 23 10 4 1 
30761|Survivor|1: 1234 373 139 62 27 10 4 1 
31295|Survivor|1: 1091 322 129 50 24 9 4 1 
31596|Survivor|1: 801 326 117 56 21 10 4 1 
31748|Survivor|1: 933 323 134 50 24 9 4 1 
31792|Survivor|1: 949 313 126 49 24 9 4 1 
31977|Survivor|1: 905 321 122 52 24 9 4 1 
31993|Survivor|1: 819 317 122 53 24 9 4 1 
32194|Child_Cross12|29: 945 333 131 55 24 9 4 1 
32196|Child_Cross21|22: 940 352 137 53 24 9 4 1 
32212|Survivor|1: 925 328 138 53 24 9 4 1 
32223|Child_CrossABC1|1: 923 328 138 53 24 9 4 1 
32227|Child_CrossABC2|8: 924 328 138 53 24 9 4 1 
32231|Survivor|1: 892 320 135 52 24 9 4 1 
32232|Child_CrossABC1|1: 959 369 135 52 24 9 4 1 
32235|Survivor|1: 868 337 135 52 24 9 4 1 
32272|Child_Cross21|18: 859 346 133 49 24 9 4 1 
32299|Child_Avg|19: 862 346 133 49 24 9 4 1 
32337|Child_CrossABC2|8: 890 346 133 49 24 9 4 1 
32356|Child_Cross12|9: 897 346 133 49 24 9 4 1 
32383|Child_Cross12|5: 903 332 133 49 24 9 4 1 
32397|Child_Cross12|29: 927 333 133 49 24 9 4 1 
33327|Survivor|1: 1138 341 142 49 24 9 4 1 
33349|Child_Cross21|54: 1133 341 142 49 24 9 4 1 
33368|Child_Cross21|26: 1124 341 141 49 24 9 4 1 
33398|Survivor|1: 1145 338 130 49 24 9 4 1 
33442|Child_Cross12|21: 885 321 129 52 24 9 4 1 
33470|Child_CrossABC2|2: 877 321 129 52 24 9 4 1 
33476|Child_Cross12|17: 880 321 129 52 24 9 4 1 
33480|Child_Cross21|42: 865 321 129 52 24 9 4 1 
33481|Child_Cross21|22: 879 321 129 52 24 9 4 1 
33485|Child_Cross12|9: 869 321 129 52 24 9 4 1 
33513|Child_Cross12|5: 866 321 129 52 24 9 4 1 
33542|Child_Cross21|22: 868 321 129 52 24 9 4 1 
33545|Child_Cross21|26: 874 321 129 52 24 9 4 1 
33571|Child_CrossABC1|7: 882 321 129 52 24 9 4 1 
33578|Child_Cross12|45: 863 321 129 52 24 9 4 1 
33579|Child_Cross12|17: 871 321 129 52 24 9 4 1 
33584|Survivor|1: 868 322 129 52 24 9 4 1 
33586|Child_Cross12|33: 887 323 129 52 24 9 4 1 
33594|Child_Cross21|30: 844 321 129 52 24 9 4 1 
33600|Child_Cross21|50: 880 322 129 52 24 9 4 1 
33617|Child_Cross21|10: 883 322 129 52 24 9 4 1 
33627|Child_Avg|11: 885 323 129 52 24 9 4 1 
33636|Child_Cross21|34: 884 322 129 52 24 9 4 1 
33639|Survivor|1: 886 323 129 52 24 9 4 1 
33646|Child_Cross12|33: 888 323 129 52 24 9 4 1 
33664|Survivor|1: 897 323 129 52 24 9 4 1 
33857|Survivor|1: 1152 346 148 63 29 10 4 1 
34013|Child_Avg|51: 1082 325 119 49 24 9 4 1 
34223|Child_Cross21|6: 866 299 117 49 24 9 4 1 
34252|Child_Cross21|42: 852 299 117 49 24 9 4 1 
34272|Child_Cross12|33: 863 299 117 49 24 9 4 1 
34279|Child_Avg|59: 847 299 117 49 24 9 4 1 
34423|Child_Cross21|22: 1092 313 126 49 24 9 4 1 
34425|Child_Avg|51: 1088 312 126 49 24 9 4 1 
34442|Child_Cross21|14: 1120 312 126 49 24 9 4 1 
34449|Child_Cross12|25: 1096 311 126 49 24 9 4 1 
34451|Child_Cross12|41: 1104 311 126 49 24 9 4 1 
34497|Survivor|1: 1093 311 126 49 24 9 4 1 
34519|Survivor|1: 1083 308 125 47 23 10 4 1 
34944|Survivor|1: 2042 640 237 101 49 24 9 4 1 
35205|Survivor|1: 1148 325 140 49 24 9 4 1 
35447|Child_Cross21|6: 1114 309 133 49 24 9 4 1 
35665|Child_Cross12|1: 939 290 126 49 24 9 4 1 
35675|Survivor|1: 928 290 126 49 24 9 4 1 
35680|Child_Cross12|57: 934 290 126 49 24 9 4 1 
35687|Child_Cross21|58: 932 290 126 49 24 9 4 1 
35705|Child_Cross12|53: 949 290 126 49 24 9 4 1 
35709|Child_Cross21|58: 927 290 126 49 24 9 4 1 
35710|Child_Cross21|30: 924 290 126 49 24 9 4 1 
35715|Child_Cross21|10: 931 290 126 49 24 9 4 1 
35716|Child_Cross12|49: 938 290 126 49 24 9 4 1 
35738|Child_Cross21|46: 935 290 126 49 24 9 4 1 
35760|Child_Cross12|5: 942 290 126 49 24 9 4 1 
35764|Child_Cross12|13: 921 290 126 49 24 9 4 1 
35767|Child_Cross12|37: 917 290 126 49 24 9 4 1 
35779|Child_Cross21|26: 911 290 126 49 24 9 4 1 
36822|Survivor|1: 978 344 130 55 24 9 4 1 
37169|Survivor|1: 956 308 137 54 23 10 4 1 
38525|Survivor|1: 933 321 122 52 24 9 4 1 
38544|Survivor|1: 904 333 123 55 24 9 4 1 
38615|Child_Cross12|57: 855 298 114 53 24 9 4 1 
38689|Survivor|1: 869 276 119 49 24 9 4 1 
39260|Survivor|1: 1184 336 142 55 24 9 4 1 
39380|Survivor|1: 942 293 129 50 24 9 4 1 
39485|Survivor|1: 898 342 124 51 23 10 4 1 
39510|Survivor|1: 888 325 129 51 23 10 4 1 
40193|Survivor|1: 833 298 118 49 24 9 4 1 
40568|Child_Avg|59: 878 342 129 53 24 9 4 1 
40634|Survivor|1: 908 337 130 49 24 9 4 1 
40748|Child_CrossABC1|1: 970 339 132 58 24 9 4 1 
40921|Survivor|1: 937 307 127 62 27 10 4 1 
40968|Survivor|1: 1115 307 127 62 27 10 4 1 
41589|Survivor|1: 1103 332 125 47 23 10 4 1 
42013|Child_Cross21|22|Mutated: 926 296 127 56 25 9 4 1 
42448|Child_Cross12|41: 805 304 125 56 21 10 4 1 
42478|Survivor|1: 933 356 129 53 24 9 4 1 
42678|Survivor|1: 897 318 126 55 24 9 4 1 
42753|Child_Cross21|38: 943 338 126 49 24 9 4 1 
42977|Survivor|1: 913 348 137 55 24 9 4 1 
43026|Child_Cross21|18: 918 353 130 49 24 9 4 1 
43056|Child_Levy|32: 877 330 129 51 23 10 4 1 
43296|Survivor|1: 846 314 149 59 24 9 4 1 
43690|Child_Cross21|26: 1055 319 149 47 23 10 4 1 
43738|Survivor|1: 869 285 125 47 23 10 4 1 
43745|Child_CrossABC1|7: 872 285 125 47 23 10 4 1 
43757|Survivor|1: 868 285 125 47 23 10 4 1 
43879|Child_Cross12|5: 937 288 126 49 24 9 4 1 
43915|Child_Cross21|46: 953 288 126 49 24 9 4 1 
43921|Child_Avg|23: 886 288 126 49 24 9 4 1 
43941|Child_Cross21|34: 932 288 126 49 24 9 4 1 
43965|Survivor|1: 938 288 126 49 24 9 4 1 
44413|Survivor|1: 882 320 135 49 21 10 4 1 
44712|Survivor|1: 1062 315 133 53 24 9 4 1 
44790|Survivor|1: 873 285 122 53 24 9 4 1 
45213|Child_Avg|35: 880 325 158 59 24 9 4 1 
45219|Child_Avg|43: 872 324 143 53 24 9 4 1 
45246|Survivor|1|Mutated: 845 323 121 52 24 9 4 1 
45353|Survivor|1: 1145 347 125 47 23 10 4 1 
45370|Child_CrossABC1|7: 1086 347 125 47 23 10 4 1 
45405|Child_Avg|23: 1155 347 125 47 23 10 4 1 
45432|Child_Cross12|33: 1136 333 125 47 23 10 4 1 
45440|Child_Avg|15: 1183 347 125 47 23 10 4 1 
45459|Child_Avg|43: 1177 347 125 47 23 10 4 1 
45463|Child_Avg|11: 1161 347 125 47 23 10 4 1 
45495|Survivor|1: 1139 340 125 47 23 10 4 1 
45863|Survivor|1: 856 300 117 54 23 10 4 1 
45867|Child_CrossABC2|2: 847 300 117 54 23 10 4 1 
46176|Survivor|1: 931 351 138 56 24 9 4 1 
46184|Survivor|1: 918 321 129 52 24 9 4 1 
46617|Child_CrossABC1|7: 1106 392 147 64 23 10 4 1 
46742|Survivor|1: 1021 363 151 57 23 10 4 1 
47069|Survivor|1: 828 285 121 49 21 10 4 1 
47299|Survivor|1: 1147 317 123 55 24 9 4 1 
48181|Survivor|1: 971 347 126 51 23 10 4 1 
48295|Survivor|1: 922 323 132 55 24 9 4 1 
48571|Child_Cross12|29: 885 299 117 49 24 9 4 1 
48598|Survivor|1: 864 314 126 49 24 9 4 1 
48623|Child_Cross12|57: 868 314 126 49 24 9 4 1 
48626|Child_Cross21|30: 862 314 126 49 24 9 4 1 
48628|Child_Cross12|49: 860 314 126 49 24 9 4 1 
48644|Child_Avg|7: 841 314 126 49 24 9 4 1 
48653|Child_Cross12|25: 843 314 126 49 24 9 4 1 
48663|Child_Avg|55|Mutated: 855 314 126 49 24 9 4 1 
49839|Child_Avg|43: 898 336 132 58 23 10 4 1 
49972|Child_Avg|35: 871 317 125 47 23 10 4 1 
49992|Child_Cross21|38: 909 332 125 47 23 10 4 1 
50001|Child_Cross12|49: 869 324 125 47 23 10 4 1 
50007|Child_Cross12|29: 881 324 125 47 23 10 4 1 
50023|Survivor|1: 873 324 125 47 23 10 4 1 
50024|Child_Cross12|45: 880 324 125 47 23 10 4 1 
50031|Child_Cross21|10: 872 324 125 47 23 10 4 1 
50062|Child_Cross21|30: 892 324 125 47 23 10 4 1 
50065|Child_Avg|59: 888 324 125 47 23 10 4 1 
50069|Child_CrossABC1|7: 943 324 125 47 23 10 4 1 
50094|Child_Cross12|25: 877 324 125 47 23 10 4 1 
50146|Survivor|1: 875 322 143 57 23 10 4 1 
50625|Child_Avg|35: 1141 373 150 61 29 9 4 1 
51010|Survivor|1: 1184 330 138 53 24 9 4 1 
51031|Survivor|1: 1072 321 133 49 24 9 4 1 
51139|Survivor|1|Mutated: 941 400 134 57 23 10 4 1 
51287|Survivor|1: 1067 313 137 58 24 9 4 1 
51332|Survivor|1: 893 313 137 58 24 9 4 1 
51336|Survivor|1: 876 314 134 53 24 9 4 1 
51342|Survivor|1: 829 297 129 50 24 9 4 1 
51435|Survivor|1: 936 319 114 53 24 9 4 1 
51708|Survivor|1: 1089 301 125 47 23 10 4 1 
52171|Survivor|1: 858 309 125 47 23 10 4 1 
52256|Survivor|1: 1193 368 139 56 25 9 4 1 
52741|Child_Avg|55: 1216 373 155 56 24 9 4 1 
52765|Survivor|1: 936 327 150 55 24 9 4 1 
52825|Child_Avg|39: 889 334 150 55 24 9 4 1 
52836|Survivor|1: 930 333 126 55 24 9 4 1 
52852|Survivor|1: 881 336 146 53 24 9 4 1 
52942|Survivor|1|Mutated: 1079 333 125 47 23 10 4 1 
52947|Survivor|1: 1064 333 125 47 23 10 4 1 
52952|Child_Cross21|42: 1090 333 125 47 23 10 4 1 
52970|Survivor|1: 1091 333 125 47 23 10 4 1 
53056|Survivor|1: 1175 361 132 53 24 9 4 1 
53273|Survivor|1: 941 338 124 49 21 10 4 1 
53709|Survivor|1: 859 302 118 49 21 10 4 1 
54330|Survivor|1: 861 299 126 52 24 9 4 1 
54484|Survivor|1: 848 297 119 49 24 9 4 1 
54567|Survivor|1: 929 292 138 55 24 9 4 1 
54743|Child_CrossABC2|2: 1108 351 147 61 24 9 4 1 
55545|Survivor|1: 1056 310 133 49 24 9 4 1 
55820|Child_CrossABC2|2: 952 308 125 47 23 10 4 1 
55830|Child_Cross12|9: 958 308 125 47 23 10 4 1 
55846|Child_Cross12|25: 954 308 125 47 23 10 4 1 
55853|Child_Cross12|33: 943 308 125 47 23 10 4 1 
55862|Child_Cross21|2: 858 308 125 47 23 10 4 1 
55871|Child_Cross12|41: 853 308 125 47 23 10 4 1 
55892|Survivor|1: 847 308 125 47 23 10 4 1 
56214|Survivor|1: 1146 317 134 52 29 9 4 1 
56612|Survivor|1: 1117 339 126 49 24 9 4 1 
56712|Survivor|1: 1212 348 131 55 27 10 4 1 
57860|Survivor|1: 1073 338 132 47 23 10 4 1 
57946|Child_Cross12|37: 867 337 130 49 24 9 4 1 
57973|Child_CrossABC2|8: 853 347 134 59 24 9 4 1 
58454|Survivor|1: 1021 308 125 47 23 10 4 1 
58463|Child_CrossABC2|8: 931 308 125 47 23 10 4 1 
58478|Survivor|1: 938 308 125 47 23 10 4 1 
58510|Survivor|1: 957 308 125 47 23 10 4 1 
58554|Survivor|1: 956 339 125 47 23 10 4 1 
58867|Child_Cross12|13: 938 305 121 51 23 10 4 1 
58875|Child_Cross12|37: 937 305 121 51 23 10 4 1 
59070|Survivor|1: 834 311 129 58 24 9 4 1 
59449|Survivor|1: 905 275 124 58 24 9 4 1 
59521|Child_CrossABC2|2: 1146 311 133 52 24 9 4 1 
60053|Survivor|1: 925 348 133 61 23 10 4 1 
60070|Child_Cross21|34: 878 323 129 53 24 9 4 1 
60077|Child_CrossABC2|8: 883 323 129 52 24 9 4 1 
60092|Child_Cross21|30: 882 323 129 52 24 9 4 1 
60095|Child_CrossABC1|1: 884 323 129 52 24 9 4 1 
60098|Child_Avg|7: 858 323 129 52 24 9 4 1 
60104|Child_Cross12|17: 896 323 129 52 24 9 4 1 
60110|Child_Cross12|49: 874 323 129 52 24 9 4 1 
60112|Child_Cross21|10: 873 323 129 52 24 9 4 1 
60115|Child_Cross21|14: 870 323 129 52 24 9 4 1 
60117|Child_Cross12|37: 1132 323 129 52 24 9 4 1 
60139|Child_Cross21|42: 1118 323 129 52 24 9 4 1 
60151|Child_Cross21|18: 1078 323 129 52 24 9 4 1 
60156|Child_Cross12|5: 1145 323 129 52 24 9 4 1 
60157|Child_Cross21|58: 1141 323 129 52 24 9 4 1 
60161|Child_Cross21|38: 1117 323 129 52 24 9 4 1 
60164|Child_Avg|23: 1130 323 129 52 24 9 4 1 
60165|Child_Avg|59: 1129 323 129 52 24 9 4 1 
60166|Child_Cross21|22: 1093 323 129 52 24 9 4 1 
60168|Child_Cross21|18: 1142 323 129 52 24 9 4 1 
60184|Child_Cross12|49: 1131 323 129 52 24 9 4 1 
60187|Child_Cross21|58: 1143 323 129 52 24 9 4 1 
60189|Child_CrossABC2|2: 1120 323 129 52 24 9 4 1 
60191|Child_Cross12|13: 1119 323 129 52 24 9 4 1 
60194|Child_Cross12|29: 1156 323 129 52 24 9 4 1 
60195|Child_Avg|51: 1155 323 129 52 24 9 4 1 
60198|Child_CrossABC1|7|Mutated: 1128 323 129 52 24 9 4 1 
60199|Child_Avg|23: 1144 323 129 52 24 9 4 1 
60202|Child_Cross21|18: 1142 322 129 52 24 9 4 1 
60209|Child_Cross12|57: 1129 322 129 52 24 9 4 1 
60219|Child_Cross21|50: 1158 323 129 52 24 9 4 1 
60252|Child_Cross12|25: 1076 323 129 52 24 9 4 1 
60255|Child_Avg|43: 1104 323 129 52 24 9 4 1 
60258|Child_Cross21|26: 1157 323 129 52 24 9 4 1 
60268|Child_Cross12|57: 1146 323 129 52 24 9 4 1 
60285|Child_Cross21|14: 1133 323 129 52 24 9 4 1 
60358|Child_CrossABC1|1: 1129 321 129 52 24 9 4 1 
60377|Child_Cross12|1|Mutated: 1111 311 132 58 24 9 4 1 
60392|Child_Cross21|10: 1121 314 126 49 24 9 4 1 
60406|Child_Cross21|38: 1133 314 126 49 24 9 4 1 
60437|Child_CrossABC1|1: 1159 312 126 49 24 9 4 1 
60495|Child_Cross21|22: 848 305 130 49 24 9 4 1 
60778|Survivor|1: 1111 387 141 64 24 9 4 1 
60782|Survivor|1: 1156 349 138 59 24 9 4 1 
61164|Survivor|1: 836 325 125 47 23 10 4 1 
61277|Child_Levy|20: 1228 335 126 55 24 9 4 1 
61602|Survivor|1: 896 333 125 47 23 10 4 1 
61620|Child_Cross21|58: 896 332 125 47 23 10 4 1 
61625|Child_CrossABC1|1: 901 332 125 47 23 10 4 1 
61630|Child_Cross12|45: 900 332 125 47 23 10 4 1 
61635|Survivor|1: 897 332 125 47 23 10 4 1 
61644|Child_Cross12|29: 857 332 125 47 23 10 4 1 
61653|Child_Cross21|58: 885 332 125 47 23 10 4 1 
61671|Child_Cross12|9: 853 332 125 47 23 10 4 1 
61674|Child_Cross21|30: 862 332 125 47 23 10 4 1 
61698|Child_Cross21|34: 850 332 125 47 23 10 4 1 
61699|Child_Cross21|26: 861 332 125 47 23 10 4 1 
61701|Survivor|1: 854 332 125 47 23 10 4 1 
61704|Child_Cross21|30: 849 332 125 47 23 10 4 1 
61713|Child_Avg|55: 845 324 125 47 23 10 4 1 
61718|Child_Cross12|17: 835 301 125 47 23 10 4 1 
61729|Survivor|1: 854 331 125 47 23 10 4 1 
61731|Child_Cross21|14: 928 332 125 47 23 10 4 1 
61732|Child_Cross21|14: 865 332 125 47 23 10 4 1 
61773|Child_Cross12|29: 888 332 125 47 23 10 4 1 
61776|Child_Cross21|58: 872 333 125 47 23 10 4 1 
61783|Child_Cross12|57: 864 324 125 47 23 10 4 1 
61806|Child_Cross21|50: 846 332 125 47 23 10 4 1 
62975|Survivor|1|Mutated: 852 279 122 54 23 10 4 1 
63681|Survivor|1: 1134 345 129 52 24 9 4 1 
64100|Child_Avg|43: 1074 335 141 52 24 9 4 1 
64101|Child_Cross21|54: 1072 331 141 52 24 9 4 1 
64132|Survivor|1: 877 293 129 50 24 9 4 1 
64683|Child_Cross12|29: 956 289 128 57 21 10 4 1 
64959|Survivor|1: 1251 379 137 62 24 9 4 1 
65034|Survivor|1: 958 358 133 49 24 9 4 1 
65095|Child_Cross12|49: 911 346 133 49 24 9 4 1 
65122|Survivor|1: 942 346 133 49 24 9 4 1 
66177|Child_CrossABC2|2: 910 338 126 49 24 9 4 1 
66198|Survivor|1: 918 338 126 49 24 9 4 1 
66210|Child_Cross12|33: 920 338 126 49 24 9 4 1 
66237|Survivor|1: 928 339 126 49 24 9 4 1 
66251|Child_Cross12|13: 914 339 126 49 24 9 4 1 
66271|Survivor|1: 945 339 126 49 24 9 4 1 
66288|Child_Avg|3: 945 340 126 49 24 9 4 1 
66299|Child_Cross12|41: 945 341 126 49 24 9 4 1 
66309|Survivor|1: 942 339 126 49 24 9 4 1 
66313|Child_Cross21|38: 945 337 126 49 24 9 4 1 
66328|Child_Cross21|34: 858 337 126 49 24 9 4 1 
66343|Child_Cross12|49: 938 338 126 49 24 9 4 1 
66344|Child_Cross21|14: 907 339 126 49 24 9 4 1 
66354|Child_Cross12|17: 904 337 126 49 24 9 4 1 
66364|Child_Cross12|49: 915 338 126 49 24 9 4 1 
66479|Child_Cross21|10: 901 338 126 49 24 9 4 1 
66504|Child_Cross12|25: 1079 337 126 49 24 9 4 1 
66513|Child_Cross21|58: 896 337 126 49 24 9 4 1 
66514|Child_Cross21|50: 904 339 126 49 24 9 4 1 
66515|Child_Cross12|13: 953 337 126 49 24 9 4 1 
66569|Survivor|1: 916 337 126 49 24 9 4 1 
66602|Child_Avg|19: 904 340 125 47 23 10 4 1 
66608|Child_Cross12|25|Mutated: 854 340 125 47 23 10 4 1 
66610|Child_Cross12|13: 905 341 125 47 23 10 4 1 
66648|Survivor|1|Mutated: 870 340 125 47 23 10 4 1 
66660|Child_Avg|19: 901 340 125 47 23 10 4 1 
66668|Child_Cross12|13: 917 340 125 47 23 10 4 1 
66673|Child_Cross21|10: 926 339 125 47 23 10 4 1 
66680|Child_Cross12|17: 905 340 125 47 23 10 4 1 
66682|Child_Cross21|42: 897 340 125 47 23 10 4 1 
66695|Child_Avg|31: 904 339 125 47 23 10 4 1 
67226|Child_CrossABC2|2: 866 295 129 52 24 9 4 1 
67229|Child_Cross21|42: 847 298 129 52 24 9 4 1 
67240|Survivor|1: 934 295 129 52 24 9 4 1 
67264|Child_Avg|11: 855 290 126 49 24 9 4 1 
67289|Child_Cross12|53: 844 290 126 49 24 9 4 1 
67415|Child_CrossABC2|8: 916 279 122 47 23 10 4 1 
67463|Survivor|1: 912 283 129 57 23 10 4 1 
67513|Child_CrossABC1|7: 848 279 122 54 23 10 4 1 
67563|Survivor|1: 1165 352 155 72 27 10 4 1 
67909|Survivor|1: 1163 319 129 56 24 9 4 1 
67964|Survivor|1: 852 296 132 61 24 9 4 1 
68388|Child_Cross21|6: 846 311 125 52 24 9 4 1 
68402|Survivor|1: 865 311 125 52 24 9 4 1 
68454|Child_Cross21|34|Mutated: 2701 1093 357 126 55 24 9 4 1 
69306|Survivor|1|Mutated: 1132 327 142 64 24 11 5 1 
69368|Survivor|1: 817 298 118 49 24 9 4 1 
70437|Survivor|1: 881 310 127 54 23 10 4 1 
70441|Survivor|1: 877 318 122 57 23 10 4 1 
70480|Child_Cross12|37: 868 304 122 47 23 10 4 1 
71590|Survivor|1: 1073 310 138 49 21 10 4 1 
71592|Survivor|1: 937 305 124 49 21 10 4 1 
71598|Survivor|1|Mutated: 968 305 124 49 21 10 4 1 
71817|Survivor|1: 1136 323 141 49 24 9 4 1 
72371|Child_Avg|15: 839 300 125 47 23 10 4 1 
72389|Child_Cross21|58: 848 300 125 47 23 10 4 1 
72394|Child_Cross21|2: 845 300 125 47 23 10 4 1 
72420|Child_Cross21|10: 860 300 125 47 23 10 4 1 
72431|Child_Cross12|53: 858 300 125 47 23 10 4 1 
72571|Survivor|1: 947 321 135 55 24 9 4 1 
72831|Survivor|1: 981 362 147 59 24 9 4 1 
72883|Survivor|1: 1195 339 139 49 24 9 4 1 
72934|Child_CrossABC1|7: 916 370 138 61 24 9 4 1 
72961|Survivor|1|Mutated: 1085 337 117 52 24 9 4 1 
73382|Survivor|1: 1127 341 138 53 24 9 4 1 
73397|Survivor|1: 1128 354 138 53 24 9 4 1 
73724|Survivor|1: 938 346 141 55 27 10 4 1 
73869|Survivor|1: 1071 312 131 55 24 9 4 1 
73872|Survivor|1: 916 312 126 55 24 9 4 1 
73911|Child_CrossABC1|1: 955 312 126 55 24 9 4 1 
73923|Survivor|1: 851 312 126 55 24 9 4 1 
74260|Survivor|1: 802 358 132 57 23 10 4 1 
74377|Survivor|1: 865 309 133 49 24 9 4 1 
74388|Child_Cross21|10: 844 309 133 49 24 9 4 1 
74408|Child_Avg|43: 853 309 133 49 24 9 4 1 
74443|Child_Cross21|26: 859 309 134 49 24 9 4 1 
74461|Child_CrossABC2|2: 860 311 129 49 24 9 4 1 
74882|Survivor|1: 857 301 119 58 24 9 4 1 
74909|Survivor|1: 867 305 115 49 21 10 4 1 
75701|Child_CrossABC2|8: 1068 371 153 57 23 10 4 1 
75726|Child_CrossABC1|1: 987 372 145 57 23 10 4 1 
75748|Survivor|1: 1099 338 136 49 24 9 4 1 
75755|Survivor|1: 1143 334 133 49 24 9 4 1 
75759|Child_Cross12|25: 1082 332 133 49 24 9 4 1 
75773|Child_Cross12|17: 1124 333 133 49 24 9 4 1 
75774|Child_Cross21|6: 1107 332 133 49 24 9 4 1 
75776|Child_Cross21|58: 1117 332 133 49 24 9 4 1 
75780|Child_Avg|31: 1120 332 133 49 24 9 4 1 
75796|Child_Cross21|58: 1123 332 133 49 24 9 4 1 
75803|Child_Cross21|42|Mutated: 1121 332 133 49 24 9 4 1 
75830|Child_Cross12|49: 1187 332 133 49 24 9 4 1 
75865|Child_Cross21|6: 1139 332 133 49 24 9 4 1 
76215|Child_CrossABC1|1: 1033 304 126 55 24 9 4 1 
77475|Survivor|1: 1194 373 139 59 24 9 4 1 
77514|Survivor|1: 1124 333 140 50 24 9 4 1 
77911|Survivor|1: 1136 319 124 49 21 10 4 1 
77936|Child_CrossABC1|1: 1082 323 125 49 21 10 4 1 
77942|Child_Avg|47: 1082 316 125 49 21 10 4 1 
77944|Child_Cross12|41: 1084 323 125 49 21 10 4 1 
77947|Child_CrossABC1|7: 1083 323 125 49 21 10 4 1 
77960|Survivor|1: 1182 323 125 49 21 10 4 1 
77961|Child_Cross21|42: 1183 323 125 49 21 10 4 1 
77965|Survivor|1: 1103 323 125 49 21 10 4 1 
77966|Child_CrossABC1|1: 1109 323 125 49 21 10 4 1 
78214|Survivor|1: 855 318 126 49 24 9 4 1 
78484|Survivor|1: 921 339 134 61 23 10 4 1 
78499|Survivor|1: 858 315 125 58 24 9 4 1 
78669|Survivor|1: 857 309 123 55 24 9 4 1 
78693|Survivor|1: 855 319 124 58 24 9 4 1 
78728|Survivor|1: 859 313 130 55 24 9 4 1 
79118|Survivor|1: 1115 336 138 53 24 9 4 1 
79214|Survivor|1: 1127 339 126 49 24 9 4 1 
79253|Child_Cross21|14: 1215 374 160 61 24 9 4 1 
79650|Survivor|1: 1076 335 143 53 24 9 4 1 
79654|Survivor|1: 1056 331 141 52 24 9 4 1 
79675|Survivor|1: 1076 320 133 49 24 9 4 1 
80630|Child_Avg|35: 906 339 126 49 24 9 4 1 
80645|Child_Cross12|57: 925 339 126 49 24 9 4 1 
80654|Survivor|1: 893 339 126 49 24 9 4 1 
80952|Survivor|1: 911 362 156 59 27 10 4 1 
81995|Survivor|1: 1176 359 132 53 24 9 4 1 
82007|Survivor|1: 1163 359 132 53 24 9 4 1 
82424|Survivor|1: 961 305 145 59 24 9 4 1 
82476|Child_Cross12|37: 876 271 123 46 24 9 4 1 
82513|Survivor|1: 892 271 123 46 24 9 4 1 
83483|Child_Avg|23: 1106 314 126 49 24 9 4 1 
83487|Child_Avg|19: 1108 314 126 49 24 9 4 1 
83500|Child_Cross12|29: 1080 314 126 49 24 9 4 1 
83504|Child_Cross12|33: 1086 314 126 49 24 9 4 1 
83541|Child_CrossABC1|1: 1149 314 126 49 24 9 4 1 
83546|Child_Cross21|50: 1154 314 126 49 24 9 4 1 
83556|Child_Cross21|14: 1148 314 126 49 24 9 4 1 
83561|Child_Cross21|38: 1141 314 126 49 24 9 4 1 
83576|Child_Cross21|22: 1155 314 126 49 24 9 4 1 
83606|Survivor|1: 1146 314 126 49 24 9 4 1 
83780|Survivor|1: 872 309 134 49 24 9 4 1 
83831|Child_Avg|31: 1155 380 143 61 24 9 4 1 
83834|Child_CrossABC1|1: 1113 359 142 58 24 9 4 1 
83993|Survivor|1: 916 312 126 49 24 9 4 1 
84101|Survivor|1: 939 295 126 55 24 9 4 1 
84274|Survivor|1: 800 293 118 49 24 9 4 1 
84583|Survivor|1: 1056 341 125 55 23 10 4 1 
84853|Child_Avg|11: 1100 314 123 59 24 9 4 1 
85184|Survivor|1: 942 319 124 51 23 10 4 1 
85471|Survivor|1: 1159 367 147 61 29 9 4 1 
85551|Survivor|1: 935 346 143 49 24 9 4 1 
85557|Child_Cross21|14: 931 348 143 49 24 9 4 1 
85597|Child_Cross12|5: 921 345 142 49 24 9 4 1 
85611|Child_Cross21|50|Mutated: 939 345 133 49 24 9 4 1 
85644|Survivor|1: 902 345 142 49 24 9 4 1 
85651|Child_Cross21|54: 916 345 142 49 24 9 4 1 
86179|Survivor|1: 1147 340 141 49 24 9 4 1 
86437|Survivor|1: 1091 333 134 53 24 9 4 1 
86447|Survivor|1: 1191 333 128 55 24 9 4 1 
86454|Survivor|1: 910 333 128 55 24 9 4 1 
86533|Survivor|1: 935 327 147 64 24 9 4 1 
86878|Child_Avg|7: 1047 342 134 59 24 9 4 1 
87084|Child_Cross21|54: 887 316 126 49 24 9 4 1 
87086|Child_CrossABC1|1: 874 316 126 49 24 9 4 1 
87105|Survivor|1: 866 316 126 49 24 9 4 1 
87218|Survivor|1: 1188 352 160 61 24 9 4 1 
87219|Child_CrossABC1|1: 1191 352 160 61 24 9 4 1 
87221|Child_CrossABC2|8: 1195 352 160 61 24 9 4 1 
87224|Child_Cross21|30: 1143 347 150 59 24 9 4 1 
87261|Survivor|1: 1253 339 149 56 24 9 4 1 
87269|Survivor|1: 1234 323 138 59 24 9 4 1 
87289|Survivor|1: 1231 336 138 59 24 9 4 1 
87296|Child_CrossABC1|1: 1241 341 138 61 24 9 4 1 
87330|Child_CrossABC1|1: 1156 339 138 61 24 9 4 1 
87608|Survivor|1: 858 273 118 49 24 9 4 1 
87634|Child_Cross12|9: 881 275 117 49 24 9 4 1 
87644|Child_Cross12|9: 884 275 117 49 24 9 4 1 
87686|Survivor|1: 865 275 117 49 24 9 4 1 
88171|Survivor|1: 1138 359 154 69 27 10 4 1 
88349|Survivor|1: 854 307 129 51 23 10 4 1 
88401|Survivor|1: 934 294 125 47 23 10 4 1 
88673|Child_CrossABC2|2: 968 302 126 55 24 9 4 1 
89354|Child_Avg|19|Mutated: 1207 392 158 67 21 10 4 1 
89362|Survivor|1: 1202 392 158 67 21 10 4 1 
89441|Child_CrossABC1|1: 1071 317 148 58 24 9 4 1 
90153|Survivor|1: 922 336 141 59 24 9 4 1 
91134|Child_Cross12|9: 1180 355 129 57 23 10 4 1 
91159|Child_CrossABC2|8|Mutated: 963 389 139 55 24 9 4 1 
91174|Survivor|1: 1126 351 129 52 24 9 4 1 
91536|Survivor|1: 873 288 138 55 24 9 4 1 
92134|Survivor|1: 1086 323 121 51 23 10 4 1 
92172|Survivor|1: 1087 318 122 57 23 10 4 1 
92294|Survivor|1: 1059 303 135 52 24 9 4 1 
92358|Survivor|1: 878 293 125 47 23 10 4 1 
92363|Survivor|1: 876 300 125 47 23 10 4 1 
92824|Survivor|1: 872 338 132 47 23 10 4 1 
93034|Child_Cross12|5: 1171 344 138 61 24 9 4 1 
93059|Survivor|1|Mutated: 1171 399 138 61 24 9 4 1 
93072|Survivor|1: 831 358 152 59 24 9 4 1 
93085|Survivor|1: 956 331 122 54 23 10 4 1 
93224|Child_CrossABC2|2: 1230 371 145 57 23 10 4 1 
93231|Survivor|1: 1109 345 134 51 23 10 4 1 
93315|Survivor|1: 848 322 129 50 24 9 4 1 
93317|Child_Avg|39: 1192 414 159 55 24 9 4 1 
93458|Survivor|1: 848 291 132 58 24 9 4 1 
93461|Child_CrossABC1|1: 960 291 132 58 24 9 4 1 
93464|Child_CrossABC1|7: 944 291 132 58 24 9 4 1 
93469|Child_Cross12|1: 964 291 132 58 24 9 4 1 
93474|Survivor|1: 956 291 132 58 24 9 4 1 
93479|Survivor|1: 950 291 132 58 24 9 4 1 
93488|Child_Cross12|9: 953 291 132 58 24 9 4 1 
93497|Child_Cross21|30: 949 291 132 58 24 9 4 1 
93499|Child_Avg|47: 940 291 132 58 24 9 4 1 
93503|Child_Cross12|29: 950 311 132 58 24 9 4 1 
93505|Survivor|1: 950 299 132 58 24 9 4 1 
93506|Child_Cross12|57: 948 291 132 58 24 9 4 1 
93509|Child_Cross21|58: 955 291 132 58 24 9 4 1 
93511|Child_Cross12|45: 946 331 132 58 24 9 4 1 
93514|Child_Cross12|53: 886 291 132 58 24 9 4 1 
93516|Child_Cross12|37: 950 303 132 58 24 9 4 1 
93519|Child_Cross21|30: 934 299 132 58 24 9 4 1 
93535|Child_Avg|3: 942 303 132 58 24 9 4 1 
93551|Survivor|1: 945 319 132 58 24 9 4 1 
93887|Child_Avg|19: 877 299 117 49 24 9 4 1 
94002|Survivor|1: 965 296 117 49 21 10 4 1 
94195|Survivor|1: 1103 325 119 49 24 9 4 1 
94799|Survivor|1: 1077 346 148 58 23 10 4 1 
94807|Survivor|1: 1139 349 150 64 23 10 4 1 
95715|Survivor|1: 1097 325 141 63 27 10 4 1 
95838|Survivor|1: 869 328 117 52 24 9 4 1 
96103|Survivor|1: 1124 327 122 47 23 10 4 1 
96883|Child_Cross21|30: 1266 337 130 49 24 9 4 1 
96985|Child_Cross21|6: 1328 377 134 58 24 9 4 1 
97120|Survivor|1: 947 307 124 51 23 10 4 1 
97485|Survivor|1: 950 337 135 58 23 10 4 1 
97664|Survivor|1: 943 311 137 57 21 10 4 1 
97677|Survivor|1: 1273 305 131 56 21 10 4 1 
97734|Survivor|1: 899 337 127 53 24 9 4 1 
97763|Survivor|1: 901 337 127 53 24 9 4 1 
97865|Survivor|1: 1138 315 132 58 24 9 4 1 
98436|Survivor|1: 878 323 121 52 24 9 4 1 
100949|Child_Avg|47: 885 343 134 57 23 10 4 1 
101725|Child_CrossABC1|7: 1185 347 129 50 24 9 4 1 
101731|Child_Cross12|45: 1182 347 129 50 24 9 4 1 
101771|Survivor|1: 869 285 125 54 23 10 4 1 
101867|Survivor|1: 885 305 121 51 23 10 4 1 
102079|Child_Avg|7: 863 314 126 49 24 9 4 1 
102087|Child_Avg|19: 868 313 126 49 24 9 4 1 
102104|Survivor|1: 860 313 126 49 24 9 4 1 
102127|Child_Cross21|54: 856 313 126 49 24 9 4 1 
102203|Survivor|1: 1297 336 134 59 24 9 4 1 
102601|Child_CrossABC2|8: 874 313 134 50 24 9 4 1 
103298|Survivor|1: 958 359 139 52 24 9 4 1 
104572|Survivor|1: 863 335 133 52 24 9 4 1 
104581|Survivor|1: 827 344 129 58 24 9 4 1 
104678|Survivor|1: 942 325 138 53 24 9 4 1 
104980|Survivor|1: 1191 373 135 47 23 10 4 1 
105042|Survivor|1: 932 279 132 58 24 9 4 1 
106417|Child_Cross21|54: 1255 333 140 55 24 9 4 1 
106537|Survivor|1: 837 377 132 57 23 10 4 1 
106632|Survivor|1: 899 354 144 57 23 10 4 1 
106652|Child_CrossABC1|7: 935 344 142 57 23 10 4 1 
106668|Child_Cross21|26: 935 344 142 57 21 10 4 1 
107235|Child_Cross12|45: 1075 327 130 46 24 9 4 1 
107273|Survivor|1: 945 321 135 55 24 9 4 1 
108121|Survivor|1: 1219 365 133 55 24 9 4 1 
108135|Survivor|1: 1130 307 140 50 24 9 4 1 
108578|Survivor|1: 839 325 129 51 23 10 4 1 
108782|Survivor|1: 849 301 142 58 24 9 4 1 
109717|Survivor|1: 856 260 115 49 21 10 4 1 
109894|Survivor|1: 849 289 126 49 24 9 4 1 
109973|Survivor|1: 1083 347 125 47 23 10 4 1 
110190|Child_CrossABC2|2: 1093 417 129 58 24 9 4 1 
110269|Child_CrossABC2|8: 847 311 117 52 24 9 4 1 
110875|Survivor|1: 869 326 122 47 23 10 4 1 
111350|Survivor|1: 953 342 129 53 24 9 4 1 
111424|Child_Levy|8: 932 349 130 61 24 9 4 1 
111558|Survivor|1: 838 309 133 49 24 9 4 1 
111559|Child_CrossABC2|8: 843 310 133 49 24 9 4 1 
111563|Child_CrossABC2|2: 849 310 133 49 24 9 4 1 
113075|Child_Cross21|6: 854 333 133 49 24 9 4 1 
113099|Survivor|1: 858 333 133 49 24 9 4 1 
113455|Survivor|1: 957 294 134 51 23 10 4 1 
113490|Child_Avg|55: 873 340 125 47 23 10 4 1 
113502|Survivor|1: 874 340 125 47 23 10 4 1 
113525|Child_Cross12|13: 881 340 125 47 23 10 4 1 
113527|Child_Cross21|26: 877 332 125 47 23 10 4 1 
113554|Survivor|1: 912 324 125 47 23 10 4 1 
113563|Child_Cross21|30: 880 316 125 47 23 10 4 1 
113591|Child_Cross21|30: 884 316 125 47 23 10 4 1 
113609|Child_Avg|31: 876 324 125 47 23 10 4 1 
113620|Survivor|1: 868 324 125 47 23 10 4 1 
113867|Child_CrossABC2|2: 968 350 167 59 24 9 4 1 
114965|Child_CrossABC1|7: 1138 328 132 59 24 9 4 1 
115053|Child_Cross12|45: 840 311 130 46 24 9 4 1 
115589|Survivor|1: 873 325 135 46 24 9 4 1 
115694|Child_Cross21|58: 908 338 130 57 23 10 4 1 
115966|Survivor|1: 929 328 125 48 21 10 4 1 
116149|Survivor|1: 955 290 126 49 24 9 4 1 
116223|Survivor|1: 1077 376 139 59 27 10 4 1 
116814|Survivor|1: 885 279 118 60 23 10 4 1 
117235|Child_Cross21|18: 936 356 131 52 24 9 4 1 
117250|Child_Cross21|14: 934 357 131 52 24 9 4 1 
117871|Survivor|1: 950 311 125 52 24 9 4 1 
118029|Survivor|1: 840 321 134 52 24 9 4 1 
118224|Child_CrossABC1|7: 841 320 138 53 24 9 4 1 
118525|Survivor|1: 916 352 150 55 24 9 4 1 
118544|Child_CrossABC2|2: 906 348 145 54 23 10 4 1 
118549|Child_CrossABC2|2: 901 348 145 54 23 10 4 1 
118564|Child_Cross12|41: 870 330 134 51 23 10 4 1 
118586|Child_Avg|27: 903 330 134 51 23 10 4 1 
118587|Child_Cross21|10: 922 330 134 51 23 10 4 1 
118588|Child_Cross12|29: 900 330 134 51 23 10 4 1 
118598|Child_Cross12|29: 1136 330 134 51 23 10 4 1 
118612|Survivor|1: 902 330 134 51 23 10 4 1 
119180|Child_Cross12|25: 1223 379 150 67 24 9 4 1 
119270|Child_Levy|44|Mutated: 862 306 118 57 23 10 4 1 
119533|Survivor|1: 1080 318 134 59 24 9 4 1 
119590|Survivor|1: 1083 308 134 56 21 10 4 1 
119948|Survivor|1: 876 346 135 55 24 9 4 1 
120227|Survivor|1: 823 302 128 57 21 10 4 1 
120305|Child_Cross21|10: 1200 393 140 50 24 9 4 1 
120379|Survivor|1: 912 344 133 49 24 9 4 1 
120386|Survivor|1: 901 334 130 55 24 9 4 1 
120672|Survivor|1: 856 300 137 55 24 9 4 1 
120680|Child_Cross21|10: 901 349 129 52 24 9 4 1 
120749|Survivor|1: 987 385 138 65 24 9 4 1 
120798|Child_CrossABC2|8: 868 312 126 49 24 9 4 1 
121254|Survivor|1: 857 309 131 55 24 9 4 1 
121493|Survivor|1|Mutated: 1098 330 143 57 23 10 4 1 
121775|Child_Cross21|10: 857 323 129 52 24 9 4 1 
121789|Survivor|1: 832 310 126 59 24 9 4 1 
121790|Child_Cross12|13: 857 321 129 52 24 9 4 1 
121841|Survivor|1: 952 278 125 61 24 9 4 1 
121857|Survivor|1: 911 291 119 58 24 9 4 1 
122147|Child_Levy|16: 901 351 137 57 21 10 4 1 
122387|Child_Avg|35: 932 356 129 54 20 9 4 1 
122452|Child_Cross12|9: 944 313 129 57 23 10 4 1 
122545|Child_Avg|7: 1226 330 129 51 23 10 4 1 
122557|Survivor|1: 1198 320 129 51 23 10 4 1 
122791|Survivor|1: 955 333 133 49 24 9 4 1 
122957|Survivor|1: 860 330 124 51 23 10 4 1 
123136|Survivor|1: 961 298 129 58 24 9 4 1 
123188|Child_CrossABC1|7: 1104 331 125 47 23 10 4 1 
123191|Child_Cross21|50: 1070 333 125 47 23 10 4 1 
123193|Child_Cross21|46: 1069 332 125 47 23 10 4 1 
123204|Child_Avg|51: 1095 332 125 47 23 10 4 1 
123207|Child_Cross21|10: 1099 332 125 47 23 10 4 1 
123211|Child_Cross21|22: 1096 332 125 47 23 10 4 1 
123221|Survivor|1: 1091 331 125 47 23 10 4 1 
123242|Child_Avg|39: 1098 331 125 47 23 10 4 1 
123271|Child_Cross21|6: 1104 332 125 47 23 10 4 1 
123274|Child_Cross12|57: 1114 331 125 47 23 10 4 1 
123291|Child_Avg|27: 1108 332 125 47 23 10 4 1 
123301|Child_Cross12|57: 1092 332 125 47 23 10 4 1 
123317|Child_Cross12|57: 1088 332 125 47 23 10 4 1 
123323|Survivor|1: 1100 332 125 47 23 10 4 1 
123330|Survivor|1: 924 332 125 47 23 10 4 1 
123377|Child_CrossABC1|7: 1127 333 125 47 23 10 4 1 
123945|Survivor|1: 852 335 135 58 24 9 4 1 
123985|Child_Avg|39: 1231 378 138 53 24 9 4 1 
123998|Child_Avg|47: 1135 354 141 55 27 10 4 1 
124000|Child_CrossABC1|1: 1133 354 141 55 27 10 4 1 
124761|Survivor|1: 860 319 117 49 21 10 4 1 
125385|Child_CrossABC2|2: 845 374 126 55 24 9 4 1 
125532|Survivor|1: 1202 381 153 72 32 13 4 1 
125553|Survivor|1: 1198 379 152 63 29 10 4 1 
125749|Survivor|1: 1122 419 160 73 27 10 4 1 
125754|Child_Cross21|18|Mutated: 1057 389 155 66 27 10 4 1 
125755|Child_CrossABC2|2: 1161 393 155 66 27 10 4 1 
125761|Child_Cross12|21: 943 353 138 56 24 9 4 1 
125767|Survivor|1: 853 335 129 56 24 9 4 1 
125871|Survivor|1: 1291 342 127 62 27 10 4 1 
125899|Survivor|1: 1180 331 148 54 23 10 4 1 
126564|Survivor|1: 876 333 130 54 23 10 4 1 
126601|Survivor|1: 869 321 135 55 24 9 4 1 
127075|Survivor|1: 857 294 132 59 24 9 4 1 
127525|Survivor|1: 1155 349 130 58 23 10 4 1 
127542|Child_Cross12|49: 831 337 127 54 23 10 4 1 
127549|Child_Cross12|57: 851 325 125 47 23 10 4 1 
127892|Child_Cross21|14: 864 311 124 46 24 9 4 1 
128415|Child_Cross21|42: 848 303 111 46 24 9 4 1 
128700|Survivor|1: 883 321 133 49 24 9 4 1 
128895|Child_CrossABC1|1: 860 310 126 55 24 9 4 1 
129270|Survivor|1: 1187 347 129 50 24 9 4 1 
129964|Survivor|1: 1045 349 148 58 24 9 4 1 
130171|Survivor|1: 973 345 126 59 24 9 4 1 
130313|Survivor|1: 1228 358 150 55 24 9 4 1 
130739|Survivor|1: 1246 375 148 63 27 10 4 1 
130785|Child_Levy|56: 1100 346 129 52 24 9 4 1 
131229|Survivor|1: 804 341 135 52 24 9 4 1 
131502|Survivor|1: 860 318 127 50 24 9 4 1 
131952|Survivor|1: 870 322 122 47 23 10 4 1 
132138|Survivor|1: 1342 365 155 65 27 10 4 1 
132209|Survivor|1: 1006 369 149 59 27 10 4 1 
132263|Survivor|1: 1118 339 130 56 24 9 4 1 
132383|Child_Cross21|58: 823 316 126 49 24 9 4 1 
132405|Survivor|1: 819 317 126 49 24 9 4 1 
132536|Child_Cross21|2: 1191 330 151 53 24 9 4 1 
132971|Child_Cross21|6: 1090 330 121 57 23 10 4 1 
133442|Survivor|1: 882 331 134 51 23 10 4 1 
133641|Survivor|1: 1092 321 127 54 23 10 4 1 
133669|Survivor|1: 874 325 134 58 24 9 4 1 
133902|Child_Cross12|9: 925 297 118 49 24 9 4 1 
133944|Child_Cross12|57: 926 297 118 49 24 9 4 1 
133973|Survivor|1: 826 297 119 49 24 9 4 1 
134005|Survivor|1: 817 297 119 49 24 9 4 1 
134237|Survivor|1: 860 301 138 55 24 9 4 1 
134293|Survivor|1: 917 313 126 49 24 9 4 1 
134597|Child_Cross21|58: 877 264 114 55 24 9 4 1 
134621|Child_Cross21|26: 869 264 114 55 24 9 4 1 
135025|Survivor|1: 902 333 136 55 24 9 4 1 
135028|Child_CrossABC1|7: 903 334 142 55 24 9 4 1 
135035|Survivor|1: 2488 1027 315 139 55 24 9 4 1 
135048|Survivor|1: 984 314 129 58 24 9 4 1 
135308|Child_CrossABC2|2: 1091 345 146 57 23 10 4 1 
136386|Survivor|1: 871 314 129 53 24 9 4 1 
136410|Child_Cross12|45|Mutated: 868 317 126 49 24 9 4 1 
136425|Child_Avg|43: 851 314 126 49 24 9 4 1 
136428|Child_Cross21|26: 851 313 126 49 24 9 4 1 
136434|Child_Avg|15: 861 313 126 49 24 9 4 1 
136463|Child_Cross12|25: 844 313 126 49 24 9 4 1 
136572|Survivor|1: 928 295 119 49 24 9 4 1 
136898|Child_Cross21|22: 1045 334 130 55 24 9 4 1 
136915|Survivor|1: 1068 334 130 55 24 9 4 1 
136966|Survivor|1: 921 283 133 49 24 9 4 1 
137317|Child_CrossABC1|1: 931 304 136 55 24 9 4 1 
137331|Survivor|1: 949 341 135 52 24 9 4 1 
137353|Survivor|1: 968 345 142 50 24 9 4 1 
138228|Survivor|1: 872 317 131 56 24 9 4 1 
138561|Survivor|1: 1083 332 131 50 24 9 4 1 
138574|Survivor|1: 1084 335 133 52 24 9 4 1 
138829|Survivor|1: 814 302 125 51 19 10 4 1 
139174|Child_Cross21|22: 1347 369 135 58 23 10 4 1 
139586|Child_Cross12|37: 1130 318 117 49 24 9 4 1 
139970|Child_LevyP1|3: 880 335 129 58 24 9 4 1 
140014|Survivor|1: 908 290 127 52 24 9 4 1 
140056|Child_Cross21|30: 1183 341 137 55 24 9 4 1 
140067|Child_Avg|55: 1181 337 137 55 24 9 4 1 
140073|Survivor|1: 1055 310 126 55 24 9 4 1 
140463|Survivor|1: 935 289 128 55 24 9 4 1 
140596|Survivor|1: 1216 372 147 55 27 10 4 1 
140625|Survivor|1: 1086 331 137 52 27 10 4 1 
140834|Survivor|1: 868 311 129 49 24 9 4 1 
140907|Child_Avg|23: 938 333 132 49 24 9 4 1 
140913|Child_Cross21|30: 939 332 133 49 24 9 4 1 
141073|Survivor|1: 1182 367 158 58 24 9 4 1 
142267|Survivor|1: 890 283 146 53 24 9 4 1 
142684|Survivor|1: 853 311 135 60 23 10 4 1 
143097|Survivor|1: 1116 314 137 53 24 9 4 1 
143687|Survivor|1: 950 337 129 53 24 9 4 1 
144176|Survivor|1: 1231 391 174 69 27 10 4 1 
144197|Child_Cross12|41: 1133 354 158 63 27 10 4 1 
144234|Child_CrossABC1|7: 911 330 149 58 24 9 4 1 
144717|Survivor|1: 960 339 138 58 24 9 4 1 
144728|Child_CrossABC2|2: 920 334 135 52 24 9 4 1 
144765|Survivor|1: 836 313 130 49 24 9 4 1 
144789|Child_CrossABC2|2: 836 307 133 52 24 9 4 1 
145059|Survivor|1: 1418 419 158 59 24 9 4 1 
145171|Survivor|1: 1209 333 138 53 24 9 4 1 
145433|Survivor|1: 1271 401 155 58 23 10 4 1 
145929|Survivor|1: 1072 378 147 59 24 9 4 1 
146070|Survivor|1: 1240 358 151 61 23 10 4 1 
146075|Child_CrossABC2|2: 1166 358 151 61 23 10 4 1 
146080|Child_Avg|43: 1170 358 151 61 23 10 4 1 
146085|Survivor|1: 1221 358 151 61 23 10 4 1 
146086|Child_Cross21|30: 1098 332 135 57 23 10 4 1 
146095|Survivor|1: 1095 321 134 57 23 10 4 1 
146099|Survivor|1: 1202 356 131 51 23 10 4 1 
146117|Child_CrossABC1|7: 1209 356 131 51 23 10 4 1 
146129|Survivor|1: 1203 356 131 51 23 10 4 1 
146261|Child_Avg|23: 850 285 117 52 24 9 4 1 
146783|Child_Cross21|6: 848 323 118 49 24 9 4 1 
146962|Child_CrossABC2|2: 1079 325 138 53 24 9 4 1 
147198|Survivor|1: 1166 302 138 55 24 9 4 1 
147349|Survivor|1: 1077 312 123 59 24 9 4 1 
