14|Survivor|1: 1987 740 273 142 67 23 10 4 1 
65|Survivor|1: 2056 692 263 114 64 24 9 4 1 
958|Child_CrossABC2|8: 2041 706 271 114 56 24 9 4 1 
1058|Child_Cross12|53: 2815 746 282 131 56 21 10 4 1 
1134|Survivor|1: 2035 614 247 106 51 19 10 4 1 
1176|Child_Avg|43: 2029 605 247 106 51 19 10 4 1 
1179|Child_Cross12|9: 2013 605 247 106 51 19 10 4 1 
1353|Survivor|1: 2057 746 296 119 55 24 9 4 1 
1867|Survivor|1: 2120 786 271 114 58 24 9 4 1 
2403|Survivor|1: 2245 660 281 140 67 23 10 4 1 
3822|Survivor|1|Mutated: 2185 700 287 122 57 23 10 4 1 
3831|Child_Cross21|38: 2160 705 284 118 57 23 10 4 1 
4078|Child_CrossABC2|8: 1920 837 313 138 56 24 9 4 1 
4088|Child_Cross12|21: 1883 751 279 113 55 24 9 4 1 
4091|Child_CrossABC2|2: 1883 752 279 113 55 24 9 4 1 
4665|Child_Cross12|9: 2702 728 325 131 56 24 9 4 1 
4816|Survivor|1: 4788 1488 619 274 111 57 23 10 4 1 
5326|Child_CrossABC1|1: 2121 778 302 145 55 24 9 4 1 
7449|Survivor|1: 3286 1297 545 251 114 53 24 9 4 1 
9167|Child_CrossABC1|7: 2112 819 288 123 59 24 9 4 1 
9857|Survivor|1: 2651 969 334 151 68 29 9 4 1 
9869|Child_Levy|40: 2441 760 325 129 66 29 9 4 1 
9937|Survivor|1: 2551 723 305 123 71 24 9 4 1 
10251|Child_Cross21|34: 1955 711 265 113 56 21 10 4 1 
10817|Child_CrossABC2|8: 2638 948 395 132 62 24 9 4 1 
10824|Survivor|1: 2246 801 303 123 64 24 9 4 1 
11466|Child_CrossABC1|1: 2036 672 281 125 49 21 10 4 1 
11688|Survivor|1: 2711 882 284 138 55 24 9 4 1 
11950|Child_CrossABC2|8: 1918 830 295 114 56 24 9 4 1 
12329|Survivor|1: 2249 873 328 141 68 24 9 4 1 
13862|Survivor|1: 2171 785 286 137 55 24 9 4 1 
13998|Child_Avg|39: 1983 705 261 110 58 24 9 4 1 
14919|Survivor|1: 2173 728 319 126 64 24 9 4 1 
15067|Survivor|1: 2026 782 276 117 58 24 9 4 1 
15072|Survivor|1: 2134 717 308 129 58 24 9 4 1 
15483|Survivor|1: 2671 763 335 126 52 24 9 4 1 
15723|Survivor|1: 2093 803 327 128 53 24 9 4 1 
17169|Child_CrossABC2|2: 2027 719 287 112 57 23 10 4 1 
17175|Child_CrossABC2|8: 2030 719 287 112 57 23 10 4 1 
17177|Survivor|1: 2046 719 287 112 57 23 10 4 1 
17181|Child_CrossABC2|2: 2024 719 287 112 57 23 10 4 1 
17644|Survivor|1: 2041 772 310 126 67 24 9 4 1 
17861|Child_Avg|3: 1969 712 275 123 61 24 9 4 1 
17907|Survivor|1: 1983 636 298 114 53 24 9 4 1 
20767|Child_Avg|11: 2545 798 316 134 61 23 10 4 1 
23316|Survivor|1: 1995 635 270 117 56 24 9 4 1 
23328|Survivor|1: 1997 635 270 117 56 24 9 4 1 
23352|Child_Levy|56|Mutated: 1891 700 297 129 50 24 9 4 1 
24128|Survivor|1: 1835 657 317 114 61 24 9 4 1 
24276|Survivor|1: 2082 749 282 114 61 24 9 4 1 
24570|Survivor|1: 1893 679 253 113 61 23 10 4 1 
24768|Survivor|1: 1916 705 267 122 67 21 10 4 1 
25012|Survivor|1: 1931 747 300 124 55 21 10 4 1 
25085|Survivor|1: 2031 733 259 133 64 24 9 4 1 
26677|Survivor|1: 2467 880 312 147 62 24 9 4 1 
27253|Child_CrossABC1|1: 2179 662 291 126 59 24 9 4 1 
27263|Child_CrossABC2|8: 2213 693 277 123 59 24 9 4 1 
27286|Child_Cross12|21: 2159 701 319 121 59 24 9 4 1 
27303|Survivor|1: 1974 703 297 121 59 24 9 4 1 
27308|Child_Avg|39: 2029 703 297 121 59 24 9 4 1 
27311|Child_Cross21|38: 2028 703 297 121 59 24 9 4 1 
27312|Child_Cross12|25: 2016 703 297 121 59 24 9 4 1 
27313|Child_CrossABC2|8: 2025 703 297 121 59 24 9 4 1 
27314|Child_Cross12|37: 2022 703 297 121 59 24 9 4 1 
27316|Child_Cross21|22: 2033 703 297 121 59 24 9 4 1 
27318|Child_Avg|15: 2020 703 297 121 59 24 9 4 1 
27324|Child_Avg|59: 2026 703 297 121 59 24 9 4 1 
27345|Child_Cross12|13: 1968 703 297 121 59 24 9 4 1 
27546|Survivor|1: 2174 911 338 149 58 23 10 4 1 
28650|Child_Avg|39: 2101 864 329 137 70 23 10 4 1 
29385|Survivor|1: 1835 672 256 109 57 23 10 4 1 
30647|Survivor|1: 2056 661 343 132 58 24 9 4 1 
30765|Survivor|1: 1949 718 289 121 57 23 10 4 1 
32616|Survivor|1: 2844 1011 326 152 67 24 9 4 1 
32631|Survivor|1: 2148 692 280 130 61 24 9 4 1 
32932|Child_Avg|23: 2035 701 271 121 52 24 9 4 1 
32938|Child_CrossABC2|8: 1977 683 274 117 52 24 9 4 1 
33252|Survivor|1: 2037 797 350 147 66 29 9 4 1 
36355|Child_CrossABC2|2: 2062 791 292 108 59 24 9 4 1 
37030|Child_CrossABC1|1: 1949 672 286 123 55 24 9 4 1 
37199|Child_Levy|52: 2848 892 386 138 65 24 9 4 1 
37228|Survivor|1: 2225 816 301 163 64 24 9 4 1 
37238|Survivor|1: 1968 779 279 113 64 24 9 4 1 
37801|Survivor|1: 1957 746 304 126 59 24 9 4 1 
38002|Survivor|1: 2101 617 264 105 55 24 9 4 1 
39880|Survivor|1: 2723 872 356 150 64 29 10 4 1 
39883|Child_Cross12|45: 2555 815 340 138 63 29 10 4 1 
40547|Survivor|1: 2069 604 326 131 61 23 10 4 1 
41070|Child_Avg|15: 2189 671 290 123 61 24 9 4 1 
41096|Child_CrossABC1|1: 2189 671 290 123 59 24 9 4 1 
41779|Child_CrossABC2|2: 2002 703 327 123 62 24 9 4 1 
41783|Child_Cross21|2|Mutated: 2038 703 327 123 62 24 9 4 1 
41787|Child_Cross12|41|Mutated: 2017 703 326 123 62 24 9 4 1 
41790|Child_Avg|55: 2022 702 325 123 62 24 9 4 1 
41794|Child_Avg|23: 2101 763 326 123 62 24 9 4 1 
41796|Child_Cross21|54: 2062 733 325 123 62 24 9 4 1 
41799|Child_Cross21|14: 2062 752 325 123 62 24 9 4 1 
41804|Survivor|1: 2015 724 325 123 62 24 9 4 1 
44884|Child_CrossABC2|8: 1893 704 283 129 55 24 9 4 1 
46942|Child_CrossABC2|8: 2427 801 331 170 66 27 10 4 1 
46997|Survivor|1: 2776 760 327 114 56 24 9 4 1 
47580|Survivor|1: 2674 809 292 141 63 27 10 4 1 
47590|Survivor|1: 2582 763 290 131 63 27 10 4 1 
47607|Survivor|1: 2560 762 286 131 63 27 10 4 1 
47623|Survivor|1: 2552 764 273 131 63 27 10 4 1 
47633|Survivor|1: 2452 852 302 138 63 27 10 4 1 
50471|Child_Avg|7: 1957 810 352 143 67 23 10 4 1 
50840|Child_Cross21|26: 2850 890 299 127 69 27 10 4 1 
52063|Survivor|1: 1856 677 246 111 56 21 10 4 1 
52525|Survivor|1: 2518 756 321 127 65 24 9 4 1 
52792|Child_Avg|35: 2106 646 251 106 57 21 10 4 1 
52811|Child_Cross12|37: 2110 635 251 106 57 21 10 4 1 
52835|Child_Cross21|34: 2112 635 251 106 57 21 10 4 1 
52844|Child_Cross12|33: 2117 630 251 106 57 21 10 4 1 
52856|Child_Cross12|21: 2077 640 251 106 57 21 10 4 1 
52870|Child_Cross21|18: 2078 640 251 106 57 21 10 4 1 
52884|Child_Cross12|33: 2000 635 251 106 57 21 10 4 1 
52886|Child_Cross12|5: 2085 635 251 106 57 21 10 4 1 
52906|Child_Cross12|37: 2028 635 251 106 57 21 10 4 1 
52916|Child_Avg|3: 2016 635 251 106 57 21 10 4 1 
52936|Child_Cross12|25: 2018 635 251 106 57 21 10 4 1 
52957|Child_Cross12|53: 2004 635 251 106 57 21 10 4 1 
53142|Survivor|1: 2587 814 304 129 73 24 9 4 1 
54023|Child_CrossABC2|2: 1951 582 268 131 56 21 10 4 1 
55400|Child_CrossABC1|7: 2163 812 311 126 55 24 9 4 1 
55456|Child_Avg|7: 1990 731 285 123 59 24 9 4 1 
56384|Child_CrossABC2|2: 1964 762 295 121 56 27 10 4 1 
58188|Survivor|1: 2092 770 326 123 61 29 9 4 1 
58201|Child_CrossABC1|7: 2179 753 319 123 61 29 9 4 1 
59309|Child_Avg|19: 2039 736 280 126 59 24 9 4 1 
59694|Child_CrossABC2|2: 2178 660 265 123 57 23 10 4 1 
59698|Child_CrossABC2|8: 1903 685 265 122 57 23 10 4 1 
59968|Child_Cross21|58: 2815 870 308 117 59 27 10 4 1 
61057|Child_CrossABC2|2: 2602 749 328 132 59 24 9 4 1 
