17|Child_Cross21|6: 3670 1343 564 297 115 62 27 10 4 1 
49|Child_Avg|19: 3514 1351 572 263 95 58 24 9 4 1 
52|Child_Cross12|9: 3565 1122 557 267 95 58 24 9 4 1 
59|Child_CrossABC2|8: 3522 1334 558 265 90 56 24 9 4 1 
64|Survivor|1: 3590 1318 555 265 90 56 24 9 4 1 
72|Survivor|1: 3390 1330 568 269 91 56 24 9 4 1 
78|Child_Avg|35: 3427 1289 589 252 89 55 24 9 4 1 
80|Child_CrossABC1|1: 3459 1286 573 228 89 55 24 9 4 1 
97|Survivor|1: 3639 1324 586 239 102 55 24 9 4 1 
106|Child_Avg|31: 3628 1346 576 238 106 55 24 9 4 1 
119|Child_CrossABC1|7: 3635 1334 582 230 102 55 24 9 4 1 
127|Survivor|1: 3603 1304 549 232 91 55 21 10 4 1 
128|Child_CrossABC2|8: 3601 1301 555 231 90 56 21 10 4 1 
132|Survivor|1|Mutated: 3601 1301 555 231 101 57 23 10 4 1 
172|Survivor|1: 5041 1345 682 232 111 55 24 9 4 1 
183|Child_CrossABC1|1: 4502 1435 645 241 106 56 24 9 4 1 
193|Survivor|1: 4618 1439 656 233 102 56 24 9 4 1 
329|Survivor|1: 2692 1037 376 150 68 29 9 4 1 
350|Child_Avg|35: 2706 967 385 150 68 29 9 4 1 
360|Survivor|1: 2706 986 385 150 68 29 9 4 1 
429|Child_LevyP1|9: 2544 888 339 145 69 30 11 5 1 
511|Child_CrossABC1|1: 3853 1440 549 265 128 62 27 10 4 1 
580|Survivor|1: 3431 1361 520 249 93 61 23 10 4 1 
760|Child_Avg|27: 3485 1436 668 245 124 58 24 9 4 1 
792|Survivor|1: 3688 1401 590 226 87 60 21 10 4 1 
907|Child_Avg|47: 3788 1415 588 234 108 61 20 9 4 1 
924|Child_Avg|15: 3748 1414 564 239 103 57 20 9 4 1 
925|Child_Avg|27: 3729 1401 568 230 104 59 20 9 4 1 
954|Child_CrossABC2|2: 3501 1370 527 241 112 59 20 9 4 1 
960|Child_Avg|27|Mutated: 3929 1369 549 248 103 59 20 9 4 1 
965|Survivor|1: 3572 1362 513 221 94 59 20 9 4 1 
968|Survivor|1: 3568 1347 532 234 92 59 20 9 4 1 
970|Child_Avg|47: 3767 1355 543 235 90 57 20 9 4 1 
988|Survivor|1: 3846 1354 539 238 96 57 20 9 4 1 
1164|Survivor|1: 3387 1268 492 239 95 58 24 9 4 1 
1171|Survivor|1: 3389 1271 568 243 94 56 24 9 4 1 
1193|Survivor|1: 3531 1205 515 247 90 50 24 9 4 1 
1292|Survivor|1: 5279 1544 639 259 104 67 24 9 4 1 
1298|Child_Cross21|50: 5333 1601 639 259 104 67 24 9 4 1 
1300|Child_Avg|7|Mutated: 5097 1586 645 259 124 67 24 9 4 1 
1303|Child_Avg|55: 5362 1574 629 256 108 67 24 9 4 1 
1305|Child_Avg|35: 5179 1581 642 260 103 62 24 9 4 1 
1315|Survivor|1: 5212 1421 651 261 104 67 24 9 4 1 
1320|Child_CrossABC2|8: 5217 1438 528 265 104 67 24 9 4 1 
1323|Child_CrossABC1|1: 5403 1444 630 260 108 67 24 9 4 1 
1358|Survivor|1: 5330 1438 558 259 95 67 24 9 4 1 
1371|Child_CrossABC1|1: 3707 1306 499 245 99 53 19 10 4 1 
1392|Survivor|1: 3927 1288 474 228 93 55 23 10 4 1 
1416|Child_Avg|3: 3800 1538 573 236 127 56 25 9 4 1 
1543|Survivor|1: 3777 1549 492 275 108 62 24 9 4 1 
1609|Survivor|1: 3639 1514 525 269 103 62 24 9 4 1 
1795|Survivor|1: 3547 1263 510 241 88 52 19 10 4 1 
1798|Child_Levy|32: 3563 1211 500 232 87 52 19 10 4 1 
1921|Survivor|1: 2583 921 311 147 66 29 9 4 1 
1922|Survivor|1|Mutated: 2583 744 311 147 66 29 9 4 1 
2205|Survivor|1: 3117 1055 368 167 79 28 13 4 1 
2225|Survivor|1: 2865 1041 343 146 72 27 10 4 1 
2241|Survivor|1: 2898 881 349 140 72 27 10 4 1 
2246|Child_CrossABC1|1: 2509 885 359 138 72 27 10 4 1 
2290|Child_Cross12|5: 3247 1231 629 245 121 61 23 10 4 1 
2292|Child_Cross12|5: 4216 1214 551 235 124 58 24 9 4 1 
2299|Child_Cross12|49: 3799 1172 539 237 124 58 24 9 4 1 
2305|Child_Cross12|5: 4175 1248 527 225 105 57 23 10 4 1 
2310|Survivor|1|Mutated: 4015 1140 470 224 107 57 21 10 4 1 
2315|Survivor|1: 3733 1158 490 215 102 57 21 10 4 1 
2316|Child_Levy|32: 3749 1183 486 221 96 56 21 10 4 1 
2326|Survivor|1: 3721 1205 502 218 90 56 21 10 4 1 
2426|Survivor|1: 3633 1274 431 175 82 28 12 5 1 
2458|Child_CrossABC1|7: 2176 924 367 160 67 24 9 4 1 
2497|Child_Cross21|38: 5353 1592 677 291 116 67 24 9 4 1 
2499|Child_CrossABC2|2: 5341 1608 677 291 116 67 24 9 4 1 
2500|Child_CrossABC1|7: 5331 1600 677 291 116 67 24 9 4 1 
2505|Child_CrossABC1|7: 5332 1585 677 291 116 67 24 9 4 1 
2507|Child_Avg|19: 4934 1457 690 245 114 67 24 9 4 1 
2546|Child_Cross12|1: 4133 1562 655 248 114 56 21 10 4 1 
2551|Child_Cross21|34: 4655 1309 614 233 110 56 21 10 4 1 
2556|Child_Cross12|17: 3498 1318 559 217 102 57 21 10 4 1 
2566|Child_Avg|15: 3690 1322 578 223 99 56 21 10 4 1 
2579|Child_CrossABC2|2: 3680 1305 632 225 104 56 21 10 4 1 
2840|Survivor|1: 3278 1199 520 193 96 43 20 9 4 1 
2917|Survivor|1: 4904 1869 629 260 125 59 24 9 4 1 
2929|Child_CrossABC2|2|Mutated: 3997 1462 582 228 111 59 24 9 4 1 
2932|Survivor|1: 4360 1489 576 221 110 59 24 9 4 1 
2939|Child_CrossABC1|7: 4200 1619 571 239 107 56 24 9 4 1 
2950|Survivor|1: 4200 1619 571 247 107 56 25 9 4 1 
3028|Child_Avg|55|Mutated: 3553 1190 519 230 104 49 24 9 4 1 
3031|Child_CrossABC2|8: 4223 1202 522 218 104 49 24 9 4 1 
3219|Child_CrossABC1|7: 4675 1650 699 271 108 60 23 10 4 1 
3221|Child_CrossABC1|1: 4337 1475 650 261 108 60 23 10 4 1 
3235|Child_Avg|7: 4364 1726 639 256 100 58 23 10 4 1 
3248|Child_Cross12|25|Mutated: 4035 1575 573 235 113 58 24 9 4 1 
3253|Child_Levy|44: 4105 1634 571 245 99 56 24 9 4 1 
3256|Child_Cross21|42: 4257 1661 611 253 99 56 24 9 4 1 
3258|Child_Avg|7: 3905 1542 559 237 98 58 24 9 4 1 
3289|Survivor|1: 4334 1534 566 260 93 58 24 9 4 1 
3292|Survivor|1: 4963 1572 638 252 95 58 24 9 4 1 
3297|Child_Avg|19: 3676 1495 572 233 102 56 24 9 4 1 
3300|Survivor|1|Mutated: 4026 1495 572 233 102 46 24 9 4 1 
3340|Child_Cross21|58|Mutated: 3593 1407 607 228 97 47 24 9 4 1 
3432|Survivor|1: 3745 1208 496 218 89 55 24 9 4 1 
3439|Child_Cross21|54: 3680 1183 481 211 89 55 24 9 4 1 
3728|Child_Cross12|57: 4416 1419 631 232 107 54 23 10 4 1 
3751|Child_Levy|8: 3533 1261 483 208 95 55 24 9 4 1 
3777|Survivor|1: 4146 1285 471 200 89 55 24 9 4 1 
3801|Survivor|1: 3506 1325 471 200 89 55 24 9 4 1 
3810|Child_Cross21|42: 3534 1322 471 200 89 55 24 9 4 1 
3831|Survivor|1: 3530 1300 471 200 89 55 24 9 4 1 
3849|Child_Cross12|9: 3527 1307 471 200 89 55 24 9 4 1 
3850|Child_Cross21|14: 3528 1307 471 200 89 55 24 9 4 1 
3857|Child_Cross21|2: 3527 1312 471 200 89 55 24 9 4 1 
3867|Child_Cross12|1: 3596 1300 471 200 89 55 24 9 4 1 
3871|Child_Cross12|37: 3539 1300 471 200 89 55 24 9 4 1 
3872|Child_Cross21|26: 3599 1300 471 200 89 55 24 9 4 1 
3873|Child_Avg|23: 3506 1300 471 200 89 55 24 9 4 1 
3874|Child_Avg|55: 3532 1300 471 200 89 55 24 9 4 1 
3883|Child_Cross21|6: 3543 1300 471 200 89 55 24 9 4 1 
3884|Child_Avg|47: 3525 1300 471 200 89 55 24 9 4 1 
3887|Child_Cross21|46: 3523 1300 471 200 89 55 24 9 4 1 
3889|Child_Cross12|33: 3519 1300 471 200 89 55 24 9 4 1 
3905|Child_Avg|7: 3535 1300 471 200 89 55 24 9 4 1 
3911|Child_Cross21|18: 3527 1300 471 200 89 55 24 9 4 1 
3914|Child_Avg|15: 3521 1300 471 200 89 55 24 9 4 1 
3932|Child_Cross21|14: 3503 1300 471 200 89 55 24 9 4 1 
3935|Child_CrossABC1|1: 3488 1300 471 200 89 55 24 9 4 1 
3936|Child_Cross12|17: 3528 1300 471 200 89 55 24 9 4 1 
3943|Child_Cross12|49: 3512 1300 471 200 89 55 24 9 4 1 
3963|Child_Avg|59: 3531 1300 471 200 89 55 24 9 4 1 
3968|Child_Cross12|13: 3554 1300 471 200 89 55 24 9 4 1 
3994|Child_CrossABC2|2: 3537 1300 471 200 89 55 24 9 4 1 
4026|Child_Avg|11: 3548 1300 471 200 89 55 24 9 4 1 
4055|Child_Cross12|21: 3530 1295 471 200 89 55 24 9 4 1 
4059|Child_CrossABC1|1: 3523 1282 471 200 89 55 24 9 4 1 
4062|Child_Avg|59: 3534 1282 471 200 89 55 24 9 4 1 
4064|Child_Cross12|33: 3542 1263 471 200 89 55 24 9 4 1 
4069|Child_Cross12|29: 3535 1260 471 200 89 55 24 9 4 1 
4072|Child_Cross12|49: 3546 1278 471 200 89 55 24 9 4 1 
4074|Child_Cross12|25: 3551 1295 471 200 89 55 24 9 4 1 
4077|Child_Avg|59: 3542 1255 471 200 89 55 24 9 4 1 
4078|Child_Cross12|57: 3541 1276 471 200 89 55 24 9 4 1 
4079|Child_Cross12|21: 3559 1267 471 200 89 55 24 9 4 1 
4081|Child_Cross12|29: 3538 1263 471 200 89 55 24 9 4 1 
4084|Child_Cross21|38: 3550 1272 471 200 89 55 24 9 4 1 
4087|Child_Cross12|17: 3556 1282 471 200 89 55 24 9 4 1 
4089|Child_Cross21|6: 3563 1270 471 200 89 55 24 9 4 1 
4090|Child_Cross21|34: 3551 1273 471 200 89 55 24 9 4 1 
4096|Survivor|1: 3549 1273 471 200 89 55 24 9 4 1 
4105|Survivor|1: 3538 1273 471 200 89 55 24 9 4 1 
4106|Child_Cross21|30: 3537 1276 471 200 89 55 24 9 4 1 
4111|Child_Cross12|53: 3547 1273 471 200 89 55 24 9 4 1 
4114|Child_Cross21|38: 3550 1277 471 200 89 55 24 9 4 1 
4117|Child_Cross12|33: 3554 1273 471 200 89 55 24 9 4 1 
4120|Child_Cross12|49: 3540 1273 471 200 89 55 24 9 4 1 
4126|Child_Cross21|34: 3542 1273 471 200 89 55 24 9 4 1 
4139|Child_Cross21|18: 3545 1273 471 200 89 55 24 9 4 1 
4152|Child_Avg|7: 3681 1271 483 229 105 58 24 9 4 1 
4170|Survivor|1|Mutated: 3681 1271 446 229 105 58 24 9 4 1 
4285|Child_Avg|7: 3216 1324 577 269 111 52 24 9 4 1 
4301|Child_Levy|60: 3257 1342 557 262 99 52 24 9 4 1 
4324|Survivor|1: 3342 1295 563 262 99 52 24 9 4 1 
4325|Child_CrossABC1|7: 3325 1311 558 262 99 52 24 9 4 1 
4326|Child_CrossABC1|1: 3337 1298 562 262 99 52 24 9 4 1 
4329|Child_Cross21|22: 3377 1323 562 262 99 52 24 9 4 1 
4330|Child_Cross12|1: 3351 1318 564 263 98 52 24 9 4 1 
4331|Child_CrossABC1|7: 3383 1317 562 262 99 52 24 9 4 1 
4337|Survivor|1: 3322 1303 563 263 93 52 24 9 4 1 
4418|Survivor|1: 3734 1366 583 250 98 55 24 9 4 1 
4458|Child_Cross12|17|Mutated: 5565 1911 703 289 133 56 24 9 4 1 
4627|Survivor|1: 3439 1083 448 202 81 30 11 5 1 
4633|Child_CrossABC1|1: 3134 1101 452 186 81 30 11 5 1 
4642|Child_LevyABC2|12: 3646 1119 395 182 83 29 10 4 1 
4872|Survivor|1: 4118 1240 556 249 134 68 24 9 4 1 
4993|Child_CrossABC1|1: 3197 1250 521 229 90 46 20 9 4 1 
5006|Survivor|1: 3210 1254 527 220 91 45 20 9 4 1 
5033|Child_Avg|31: 3258 1186 479 214 87 45 19 10 4 1 
5088|Survivor|1: 3554 1007 434 188 75 35 12 5 1 
5106|Child_Cross21|22: 6317 1897 1034 385 137 72 27 10 4 1 
5111|Child_Cross21|14: 5650 1735 789 326 129 72 27 10 4 1 
5133|Survivor|1: 5113 1548 685 295 110 72 27 10 4 1 
5166|Survivor|1: 3894 1498 529 241 107 61 24 9 4 1 
5167|Child_Cross12|9: 4542 1554 623 256 106 61 24 9 4 1 
5179|Child_CrossABC2|2: 4091 1640 596 249 104 61 24 9 4 1 
5186|Survivor|1|Mutated: 4661 1721 631 295 108 61 24 9 4 1 
5201|Child_CrossABC1|7: 4786 1723 637 292 108 61 24 9 4 1 
5223|Survivor|1|Mutated: 4740 1755 637 292 108 61 24 9 4 1 
5230|Child_CrossABC2|8: 4146 1579 546 255 92 61 24 9 4 1 
5231|Child_Cross21|2: 4134 1580 557 253 92 61 24 9 4 1 
5234|Survivor|1: 4159 1595 559 255 92 61 24 9 4 1 
5239|Child_Cross21|46: 4144 1546 557 253 90 61 24 9 4 1 
5265|Survivor|1: 4139 1544 557 246 95 61 24 9 4 1 
5345|Survivor|1: 2927 1000 368 157 68 24 9 4 1 
5367|Survivor|1: 2479 977 339 142 68 24 9 4 1 
5496|Child_Avg|31|Mutated: 3765 1119 576 289 104 59 20 9 4 1 
5511|Survivor|1: 3873 1171 557 271 102 59 21 10 4 1 
5545|Survivor|1: 3656 1153 540 257 93 59 20 9 4 1 
5626|Child_Cross21|22: 4191 1440 549 248 105 61 24 9 4 1 
5643|Child_CrossABC1|7: 4193 1350 532 253 92 61 24 9 4 1 
5923|Survivor|1: 1996 785 304 129 63 27 10 4 1 
5934|Survivor|1: 2606 759 325 121 63 27 10 4 1 
5939|Child_CrossABC1|7: 2432 759 325 121 63 27 10 4 1 
5943|Survivor|1: 2580 759 325 121 63 27 10 4 1 
5945|Child_CrossABC1|7: 2579 759 325 121 63 27 10 4 1 
5946|Child_Cross12|25: 2636 759 325 121 63 27 10 4 1 
5949|Child_CrossABC2|2: 2568 759 325 121 63 27 10 4 1 
5953|Child_Cross12|9: 2575 759 325 121 63 27 10 4 1 
5954|Child_Avg|15: 2558 759 325 121 63 27 10 4 1 
5957|Child_CrossABC1|1: 2549 759 325 121 63 27 10 4 1 
6162|Child_Levy|56: 5596 1583 576 264 118 50 21 10 4 1 
6209|Survivor|1: 3606 1171 488 216 84 50 19 10 4 1 
6211|Child_Avg|55: 3645 1183 490 217 83 50 19 10 4 1 
6232|Child_CrossABC1|1|Mutated: 3565 1241 522 217 83 50 19 10 4 1 
6233|Child_CrossABC1|1|Mutated: 3598 1193 506 216 84 50 19 10 4 1 
6248|Child_Cross21|42: 3627 1188 489 217 82 50 19 10 4 1 
6253|Child_Cross21|42: 3628 1188 489 217 82 50 19 10 4 1 
6261|Child_Cross21|18: 3625 1188 489 217 82 50 19 10 4 1 
6264|Child_Cross21|46: 3630 1188 489 217 82 50 19 10 4 1 
6268|Child_Avg|27: 3690 1188 489 217 82 50 19 10 4 1 
6269|Child_Avg|55: 3691 1188 489 217 82 50 19 10 4 1 
6272|Child_Cross21|46: 3698 1188 489 217 82 50 19 10 4 1 
6284|Child_Cross12|5: 3607 1188 489 217 82 50 19 10 4 1 
6298|Child_Avg|15: 3650 1188 489 217 82 50 19 10 4 1 
6303|Child_Cross12|21: 3647 1188 489 217 82 50 19 10 4 1 
6307|Child_CrossABC2|8: 3636 1188 489 217 82 50 19 10 4 1 
6314|Child_Cross21|14: 3643 1188 489 217 82 50 19 10 4 1 
6320|Child_Cross12|41: 3642 1188 489 217 82 50 19 10 4 1 
6328|Child_Cross21|6: 3638 1188 489 217 82 50 19 10 4 1 
6349|Child_Cross21|18: 3634 1188 489 217 82 50 19 10 4 1 
6358|Child_Cross12|9: 3635 1188 489 217 82 50 19 10 4 1 
6383|Child_Cross12|45: 3618 1188 489 217 82 50 19 10 4 1 
6411|Child_CrossABC2|8: 3641 1188 489 217 104 50 19 10 4 1 
6412|Child_CrossABC1|7: 3630 1188 489 217 101 50 19 10 4 1 
6685|Survivor|1: 3262 884 362 161 55 27 10 4 1 
6732|Survivor|1: 4439 1750 575 256 99 59 24 9 4 1 
6734|Child_CrossABC1|1|Mutated: 3700 1408 503 248 99 59 24 9 4 1 
6934|Survivor|1: 5028 1413 545 264 131 48 20 9 4 1 
7168|Child_Cross12|53: 3342 1199 516 218 90 53 24 9 4 1 
7298|Survivor|1: 2255 822 310 131 63 27 10 4 1 
7311|Child_CrossABC1|1: 2504 933 328 131 63 27 10 4 1 
7312|Child_Cross12|21: 2498 930 356 129 63 27 10 4 1 
7325|Child_Cross21|10: 2500 932 349 128 63 27 10 4 1 
7329|Survivor|1: 2517 938 349 128 63 27 10 4 1 
7331|Child_Cross21|46: 2517 875 349 128 63 27 10 4 1 
7334|Child_CrossABC2|8: 2517 903 349 128 63 27 10 4 1 
7335|Child_CrossABC1|1: 2517 911 349 128 63 27 10 4 1 
7337|Child_CrossABC1|7: 2517 910 349 128 63 27 10 4 1 
7348|Child_Cross12|13: 2486 902 347 121 63 27 10 4 1 
7363|Child_CrossABC2|8: 2471 891 349 129 63 27 10 4 1 
7419|Survivor|1|Mutated: 2568 811 416 140 67 30 11 5 1 
7595|Child_LevyP2|4: 2552 926 347 165 75 24 11 5 1 
7636|Child_Avg|55: 2087 743 286 125 64 24 9 4 1 
7648|Survivor|1: 2146 763 309 123 64 24 9 4 1 
7737|Survivor|1: 3977 1375 536 241 106 55 24 9 4 1 
7738|Child_Cross12|5: 4177 1446 523 216 105 55 24 9 4 1 
7744|Child_Cross12|29: 3663 1216 512 223 99 53 24 9 4 1 
7747|Child_Avg|11: 3570 1229 498 224 97 52 24 9 4 1 
7751|Survivor|1: 3537 1268 498 224 97 52 24 9 4 1 
7788|Survivor|1: 3644 1266 515 246 89 52 24 9 4 1 
7835|Survivor|1: 2579 969 375 183 71 29 10 4 1 
7919|Survivor|1: 3038 1116 467 223 97 57 21 10 4 1 
7932|Survivor|1: 3251 1065 486 221 94 56 21 10 4 1 
7942|Child_Avg|59: 3661 1154 518 219 86 57 21 10 4 1 
7945|Child_CrossABC1|1: 3614 1151 510 219 86 57 21 10 4 1 
7974|Survivor|1: 3565 1147 505 219 86 52 20 9 4 1 
7987|Survivor|1: 3589 1142 508 220 87 52 20 9 4 1 
8006|Child_Cross12|45: 3589 1148 508 220 87 52 20 9 4 1 
8018|Child_Cross12|5: 3592 1142 508 220 87 52 20 9 4 1 
8021|Child_Cross12|57: 3611 1142 508 220 87 52 20 9 4 1 
8022|Child_Cross12|49: 3599 1142 508 220 87 52 20 9 4 1 
8023|Child_Avg|31: 3597 1142 508 220 87 52 20 9 4 1 
8026|Child_Cross12|53: 3606 1142 508 220 87 52 20 9 4 1 
8027|Child_Avg|19: 3596 1142 508 220 87 52 20 9 4 1 
8037|Child_Avg|59: 3602 1142 508 220 87 52 20 9 4 1 
8040|Child_Cross12|37: 3637 1142 508 220 87 52 20 9 4 1 
8043|Child_Cross21|34: 3609 1142 508 220 87 52 20 9 4 1 
8044|Child_Cross21|30: 3638 1142 508 220 87 52 20 9 4 1 
8045|Child_Cross12|57: 3616 1142 508 220 87 52 20 9 4 1 
8047|Child_Cross12|13: 3625 1142 508 220 87 52 20 9 4 1 
8048|Child_Cross21|46: 3613 1142 508 220 87 52 20 9 4 1 
8057|Child_Avg|23: 3632 1142 508 220 87 52 20 9 4 1 
8060|Child_Avg|39: 3618 1142 508 220 87 52 20 9 4 1 
8064|Child_Cross12|37: 3628 1142 508 220 87 52 20 9 4 1 
8071|Child_Cross21|18: 3623 1142 508 220 87 52 20 9 4 1 
8087|Child_Avg|3: 3631 1142 508 220 87 52 20 9 4 1 
8108|Child_Cross21|54: 3590 1142 508 220 87 52 20 9 4 1 
8115|Child_Cross12|17: 3587 1142 508 220 87 52 20 9 4 1 
8152|Child_Cross21|22: 3619 1142 508 220 87 52 20 9 4 1 
8158|Child_Cross21|50: 3621 1142 508 220 87 52 20 9 4 1 
8172|Child_Avg|47: 3616 1216 508 220 87 52 20 9 4 1 
8175|Child_Avg|51: 3635 1142 508 220 87 52 20 9 4 1 
8193|Child_Avg|43: 3624 1142 508 220 87 52 20 9 4 1 
8199|Child_Avg|51: 3683 1142 508 220 87 52 20 9 4 1 
8207|Child_Cross21|50: 3676 1142 508 220 87 52 20 9 4 1 
8209|Child_Cross21|42: 3642 1142 508 220 87 52 20 9 4 1 
8211|Child_Cross12|33: 3643 1142 508 220 87 52 20 9 4 1 
8212|Child_CrossABC2|2: 3657 1142 508 220 87 52 20 9 4 1 
8221|Child_Avg|59: 3645 1142 508 220 87 52 20 9 4 1 
8229|Child_Cross21|22: 3650 1142 508 220 87 52 20 9 4 1 
8233|Child_Avg|35: 3651 1142 508 220 87 52 20 9 4 1 
8238|Child_Cross12|21: 3654 1142 508 220 87 52 20 9 4 1 
8240|Child_CrossABC1|1: 3633 1142 508 220 87 52 20 9 4 1 
8243|Child_Cross21|30: 3652 1142 508 220 87 52 20 9 4 1 
8257|Child_Avg|15: 3641 1142 508 220 87 52 20 9 4 1 
8310|Survivor|1: 3739 1349 518 254 98 57 23 10 4 1 
8312|Child_CrossABC1|1: 3562 1287 509 254 101 57 21 10 4 1 
8348|Child_Cross12|45|Mutated: 3386 1160 460 237 101 64 23 10 4 1 
8410|Child_Avg|15: 2571 946 363 138 64 24 9 4 1 
8452|Survivor|1: 3413 1259 569 229 106 56 24 9 4 1 
8465|Child_Avg|43: 3460 1273 573 222 108 55 24 9 4 1 
8473|Survivor|1: 3294 1239 514 224 95 55 24 9 4 1 
8671|Survivor|1: 3275 962 459 176 64 29 9 4 1 
8762|Survivor|1: 3642 1296 487 209 95 55 24 9 4 1 
8840|Child_Cross12|25: 4127 1272 513 233 98 52 24 9 4 1 
8933|Child_CrossABC2|8: 3285 1123 491 205 83 48 20 9 4 1 
8956|Survivor|1: 3427 913 491 205 83 48 20 9 4 1 
9027|Child_Avg|23: 3663 1114 537 208 92 49 21 10 4 1 
9040|Survivor|1: 3660 1181 503 209 88 48 21 10 4 1 
9045|Child_Levy|44: 3651 1174 501 211 87 49 21 10 4 1 
9074|Survivor|1: 3581 1110 468 191 81 48 20 9 4 1 
9297|Survivor|1: 2367 915 360 148 75 27 10 4 1 
9379|Survivor|1: 3595 1106 584 207 125 59 24 9 4 1 
9382|Child_Cross12|1: 4220 1385 586 231 108 59 24 9 4 1 
9388|Child_Avg|7: 4086 1306 550 229 101 58 24 9 4 1 
9391|Child_Cross21|14: 3880 1273 558 210 103 55 21 10 4 1 
9400|Survivor|1: 3598 1286 579 234 95 55 23 10 4 1 
9406|Child_Avg|19: 3676 1251 569 217 92 55 21 10 4 1 
9695|Child_CrossABC1|7: 6104 2000 653 302 168 72 27 10 4 1 
9698|Child_Avg|27: 5581 1745 714 301 151 72 27 10 4 1 
9703|Child_CrossABC1|1: 5740 1842 719 322 159 72 27 10 4 1 
9704|Child_Cross12|33: 5188 1418 647 289 137 72 27 10 4 1 
9712|Survivor|1: 4338 1403 647 289 137 72 27 10 4 1 
9715|Child_CrossABC2|8: 6031 1526 647 284 127 72 27 10 4 1 
9717|Child_Cross12|17: 5247 1640 647 285 121 72 27 10 4 1 
9718|Child_CrossABC2|8|Mutated: 5227 1675 647 286 140 72 27 10 4 1 
9721|Child_Cross21|18: 5512 1696 639 296 118 72 27 10 4 1 
9730|Child_CrossABC2|2: 5347 1621 618 278 121 66 27 10 4 1 
9732|Child_CrossABC2|2: 5659 1634 615 299 125 62 27 10 4 1 
9739|Child_CrossABC1|1: 5225 1635 626 289 118 56 27 10 4 1 
9752|Child_Cross21|22: 5149 1588 593 261 104 56 27 10 4 1 
9756|Child_Avg|47: 5164 1609 598 268 107 56 25 9 4 1 
9761|Child_CrossABC2|8: 4970 1593 550 238 102 55 24 9 4 1 
9762|Child_Avg|51: 4685 1457 551 243 104 55 24 9 4 1 
9764|Child_Levy|16: 4100 1291 478 226 105 55 24 9 4 1 
9783|Survivor|1: 5270 1468 579 247 91 56 24 9 4 1 
9792|Survivor|1: 5091 1446 592 244 89 55 24 9 4 1 
9864|Child_Cross21|42: 3685 1102 467 196 83 57 20 9 4 1 
9956|Survivor|1: 6073 2000 716 289 136 64 29 10 4 1 
9971|Child_Cross12|17: 6101 1712 800 298 127 61 29 9 4 1 
10081|Child_Levy|56: 2509 817 364 156 76 27 10 4 1 
10211|Child_CrossABC1|7: 3650 1353 593 229 114 55 24 9 4 1 
10228|Child_CrossABC1|7: 3133 1307 553 223 99 53 24 9 4 1 
10243|Survivor|1: 4424 1314 616 237 113 56 24 9 4 1 
10251|Child_Avg|59: 3284 1204 456 218 105 55 24 9 4 1 
10278|Survivor|1: 3179 1194 454 217 90 56 24 9 4 1 
10700|Survivor|1: 3385 1177 527 232 108 65 24 9 4 1 
10735|Child_CrossABC2|8: 3481 1487 538 246 117 61 24 9 4 1 
10736|Child_CrossABC2|2: 3479 1478 536 248 116 61 24 9 4 1 
10758|Child_CrossABC1|7: 3374 1469 553 245 114 61 24 9 4 1 
10932|Survivor|1: 3469 1261 567 293 151 60 28 11 4 1 
10948|Child_Avg|23: 3595 1246 504 221 107 56 24 9 4 1 
10957|Survivor|1|Mutated: 3595 1306 504 221 107 47 24 9 4 1 
10961|Survivor|1|Mutated: 3606 1306 541 221 107 47 24 9 4 1 
11030|Survivor|1: 3529 1087 503 223 90 54 19 10 4 1 
11034|Child_Cross12|33: 3545 1088 510 219 88 46 20 9 4 1 
11062|Survivor|1: 3721 1108 505 217 83 46 19 7 3 1 
11083|Child_Avg|3: 3602 1108 505 217 83 46 19 7 3 1 
11096|Child_Avg|39: 3594 1108 505 217 83 46 19 7 3 1 
11099|Child_Cross21|58: 3599 1108 505 217 83 46 19 7 3 1 
11101|Child_Avg|27: 3610 1108 505 217 83 46 19 7 3 1 
11113|Child_Cross21|54: 3626 1108 505 217 83 46 19 7 3 1 
11120|Child_Cross12|57: 3614 1108 505 217 83 46 19 7 3 1 
11126|Child_Cross21|34: 3598 1108 505 217 83 46 19 7 3 1 
11165|Child_Avg|7: 3586 1108 505 217 83 46 19 7 3 1 
11305|Child_Cross21|22: 4078 1283 505 204 93 49 21 10 4 1 
11315|Survivor|1: 4764 1262 499 204 94 49 21 10 4 1 
11618|Survivor|1: 3091 1161 433 166 80 30 11 5 1 
11645|Child_Cross12|33: 3997 1596 582 251 121 66 27 10 4 1 
11654|Child_Avg|19: 5132 1567 675 275 106 66 27 10 4 1 
11661|Survivor|1: 5152 1655 632 274 102 53 24 9 4 1 
11662|Child_Cross21|34: 5445 1594 617 275 100 53 24 9 4 1 
11684|Child_CrossABC2|8: 4014 1280 581 238 94 51 19 10 4 1 
11707|Child_Avg|23: 3651 1234 556 218 87 51 19 10 4 1 
11719|Child_CrossABC2|8: 3528 1231 545 219 94 51 19 10 4 1 
11727|Child_Avg|7: 3829 1287 537 218 104 50 19 10 4 1 
11730|Child_Avg|11: 4075 1269 535 218 93 52 19 10 4 1 
11912|Child_CrossABC2|8: 3707 1147 483 233 92 55 21 10 4 1 
11916|Child_Cross21|58: 3773 1162 482 240 91 55 21 10 4 1 
12310|Survivor|1: 3504 1076 521 223 89 47 23 10 4 1 
12314|Survivor|1: 3481 1091 523 213 89 47 23 10 4 1 
12365|Child_CrossABC2|2: 3444 1228 454 274 109 52 20 9 4 1 
12380|Child_CrossABC1|7: 3444 1236 454 274 109 52 20 9 4 1 
12382|Child_CrossABC1|1: 3547 1227 454 274 109 52 20 9 4 1 
12384|Child_Avg|11: 3495 1231 454 274 109 52 20 9 4 1 
12386|Child_CrossABC1|7: 3494 1232 454 274 109 52 20 9 4 1 
12411|Survivor|1|Mutated: 3494 1232 454 274 109 57 20 9 4 1 
12441|Survivor|1: 4340 1223 470 227 93 48 20 9 4 1 
12453|Child_CrossABC1|7: 4166 1185 488 211 91 48 20 9 4 1 
12556|Survivor|1: 3915 1126 474 213 114 53 24 9 4 1 
12594|Child_Cross12|9: 2675 866 327 161 58 24 9 4 1 
12788|Survivor|1: 5145 1526 592 213 110 52 24 9 4 1 
12811|Survivor|1: 5044 1713 532 221 103 50 24 9 4 1 
12817|Survivor|1|Mutated: 5779 1713 532 221 103 50 24 9 4 1 
12962|Child_Cross21|54: 3549 1222 491 242 101 60 23 10 4 1 
12967|Child_Cross21|42: 3738 1249 459 253 98 60 23 10 4 1 
13032|Survivor|1|Mutated: 3711 1096 456 234 107 60 21 10 4 1 
13042|Survivor|1: 3846 1096 537 221 107 60 21 10 4 1 
13058|Child_Cross21|14: 3874 1586 692 289 123 58 23 10 4 1 
13352|Survivor|1: 3482 1249 529 200 92 59 20 9 4 1 
13623|Survivor|1: 2405 835 346 139 86 27 10 4 1 
13890|Child_Cross21|14: 3950 1462 589 233 90 56 24 9 4 1 
14040|Survivor|1: 3233 1225 482 238 107 55 20 9 4 1 
14057|Survivor|1: 3711 1193 483 222 98 55 20 9 4 1 
14063|Survivor|1: 3381 1229 488 231 94 55 20 9 4 1 
14298|Survivor|1|Mutated: 3262 1039 555 256 138 53 24 9 4 1 
14302|Child_CrossABC2|8: 3263 1054 520 261 114 53 24 9 4 1 
14305|Child_CrossABC2|2: 3375 1056 501 256 114 53 24 9 4 1 
14306|Child_Cross12|49: 3477 1058 495 258 114 53 24 9 4 1 
14313|Child_CrossABC1|7: 3586 1062 514 259 117 53 24 9 4 1 
14318|Child_Cross12|33: 3361 1038 487 256 105 53 24 9 4 1 
14321|Child_Avg|15: 3433 1032 491 249 105 52 24 9 4 1 
14326|Child_Cross21|22: 3429 1044 485 219 103 52 24 9 4 1 
14510|Child_CrossABC2|8: 4106 1309 537 218 105 58 24 9 4 1 
14610|Child_Avg|15: 3481 1364 535 223 91 54 23 10 4 1 
14729|Survivor|1: 3641 1267 505 214 95 54 20 9 4 1 
14747|Child_Cross21|46: 3587 1244 508 214 89 52 20 9 4 1 
14754|Child_CrossABC2|8: 3684 1276 508 215 89 54 20 9 4 1 
14757|Child_CrossABC2|8: 3605 1275 508 215 89 54 20 9 4 1 
14761|Child_CrossABC1|1: 3575 1274 509 215 89 54 20 9 4 1 
14763|Child_Cross12|1: 3521 1276 509 215 89 54 20 9 4 1 
14764|Child_CrossABC2|2: 3526 1272 509 215 89 54 20 9 4 1 
14765|Child_CrossABC1|1: 3531 1273 509 215 89 54 20 9 4 1 
14768|Child_CrossABC1|7: 3596 1272 509 215 89 54 20 9 4 1 
14836|Child_Levy|24: 4369 1927 723 299 115 65 24 9 4 1 
14858|Child_Cross21|22: 3956 1581 609 275 101 64 24 9 4 1 
14861|Survivor|1: 4229 1519 624 267 95 58 24 9 4 1 
14869|Survivor|1: 4344 1401 586 251 93 58 24 9 4 1 
14883|Survivor|1: 4124 1365 592 242 95 58 24 9 4 1 
15023|Survivor|1: 5671 1530 596 240 99 53 24 9 4 1 
15029|Child_Avg|19: 5671 1530 596 262 99 53 24 9 4 1 
15038|Child_CrossABC2|8: 5671 1632 596 262 99 53 24 9 4 1 
15039|Child_CrossABC2|2: 5671 1540 596 262 99 53 24 9 4 1 
15041|Child_CrossABC1|7: 5671 1528 596 262 124 53 24 9 4 1 
15043|Child_CrossABC2|2: 5671 1464 596 262 123 53 24 9 4 1 
15046|Child_CrossABC1|7: 5671 1484 596 262 123 53 24 9 4 1 
15048|Child_CrossABC2|8: 5271 1482 625 249 112 53 24 9 4 1 
15050|Child_Cross21|30: 4365 1279 529 231 105 53 24 9 4 1 
15051|Child_Avg|31: 5317 1493 585 246 108 53 24 9 4 1 
15052|Child_CrossABC1|1: 5227 1409 579 245 99 53 24 9 4 1 
15331|Child_Cross12|45: 3750 1370 571 215 107 50 24 9 4 1 
15341|Child_Cross12|49: 3684 1398 546 217 101 52 24 9 4 1 
15347|Child_CrossABC2|8: 3578 1446 548 216 103 52 24 9 4 1 
15380|Survivor|1: 3584 1340 550 219 103 52 24 9 4 1 
15381|Child_CrossABC2|2: 3583 1461 561 215 101 52 24 9 4 1 
15387|Child_CrossABC2|8: 3973 1436 561 215 101 52 24 9 4 1 
15388|Child_CrossABC2|8: 3764 1437 561 215 101 52 24 9 4 1 
15406|Survivor|1: 3843 1256 537 220 83 48 20 9 4 1 
15444|Survivor|1: 4856 1382 571 238 98 61 23 10 4 1 
15461|Child_Cross21|38|Mutated: 4454 1305 531 250 107 55 20 9 4 1 
15466|Survivor|1|Mutated: 3989 1305 560 250 107 55 20 9 4 1 
15468|Child_CrossABC1|7: 4194 1306 550 248 107 55 20 9 4 1 
15476|Survivor|1: 4048 1250 511 234 89 54 20 9 4 1 
15478|Survivor|1: 3487 1094 470 230 97 52 19 10 4 1 
15485|Survivor|1: 3509 1072 472 245 87 51 19 10 4 1 
15487|Survivor|1: 3603 1109 492 235 84 51 19 10 4 1 
15572|Survivor|1: 5711 2185 900 341 168 81 30 11 5 1 
15710|Child_Avg|19|Mutated: 3858 1181 477 221 114 56 24 9 4 1 
15761|Child_LevyABC2|12: 4156 1358 593 210 89 55 24 9 4 1 
15982|Survivor|1: 3136 985 408 187 77 28 12 5 1 
16004|Child_Avg|3: 2703 853 359 180 77 28 12 5 1 
16010|Survivor|1: 2828 977 368 173 77 28 13 4 1 
16062|Survivor|1|Mutated: 3695 1414 579 229 102 61 24 9 4 1 
16064|Child_CrossABC1|1: 3651 1387 521 235 105 61 24 9 4 1 
16071|Child_CrossABC1|1: 3282 1251 511 233 105 61 24 9 4 1 
16351|Child_Avg|43: 2560 889 375 145 62 24 9 4 1 
16364|Survivor|1|Mutated: 2560 803 375 145 62 24 9 4 1 
16365|Child_CrossABC2|2: 3602 1250 492 252 103 62 24 9 4 1 
16441|Survivor|1: 3569 1401 515 216 114 64 23 10 4 1 
16445|Child_Avg|35: 3848 1357 550 218 107 60 21 10 4 1 
16455|Survivor|1|Mutated: 3973 1564 584 218 107 60 21 10 4 1 
16464|Child_CrossABC2|2: 4270 1190 509 212 97 54 19 10 4 1 
16472|Child_Avg|35: 3655 1081 460 208 97 55 19 10 4 1 
16730|Survivor|1: 3412 1197 480 203 105 52 24 9 4 1 
16740|Child_Cross21|2: 3254 1121 521 213 98 52 24 9 4 1 
16753|Survivor|1: 3524 1101 480 219 98 53 24 9 4 1 
16768|Child_CrossABC2|8: 3427 1110 524 223 107 55 24 9 4 1 
16921|Child_Levy|56: 3718 1238 531 234 97 49 21 10 4 1 
16923|Child_CrossABC2|2: 3624 1240 533 236 98 47 23 10 4 1 
17367|Survivor|1: 4987 1680 745 283 113 55 21 10 4 1 
17372|Child_Cross12|17: 4798 1664 683 280 104 55 21 10 4 1 
17375|Child_Avg|39: 3835 1333 543 219 101 48 20 9 4 1 
17564|Child_CrossABC2|8: 2310 825 350 142 61 24 9 4 1 
17575|Child_CrossABC2|8: 2547 815 332 132 61 24 9 4 1 
17580|Child_Avg|27: 2418 785 332 132 61 24 9 4 1 
17585|Child_Cross21|2: 3411 1378 498 245 119 61 24 9 4 1 
17590|Child_Cross12|21: 3479 1322 505 246 115 61 24 9 4 1 
17591|Child_Avg|3: 3411 1341 502 245 119 61 24 9 4 1 
17592|Child_CrossABC2|8: 3506 1373 510 245 114 61 24 9 4 1 
17595|Child_CrossABC2|8: 3446 1369 508 247 116 61 24 9 4 1 
17600|Child_Avg|35: 3395 1351 502 248 114 61 24 9 4 1 
17601|Child_Avg|55: 3420 1343 504 245 114 61 24 9 4 1 
17617|Child_Cross21|46: 3561 1272 499 234 108 61 24 9 4 1 
17623|Child_CrossABC1|1: 3558 1310 509 234 106 61 24 9 4 1 
17624|Child_Avg|35: 3378 1315 502 240 101 61 24 9 4 1 
17626|Child_CrossABC1|1: 3358 1315 492 240 101 61 24 9 4 1 
17644|Child_CrossABC1|7: 3303 1289 487 241 107 61 24 9 4 1 
17778|Child_Cross12|21: 4112 1546 568 257 94 56 21 10 4 1 
17784|Survivor|1: 4012 1282 547 242 89 56 21 10 4 1 
17791|Survivor|1: 3916 1330 556 235 89 56 21 10 4 1 
17805|Child_CrossABC2|2: 3867 1373 571 234 95 56 21 10 4 1 
17809|Child_Avg|31: 3825 1352 566 239 90 56 21 10 4 1 
17866|Child_CrossABC2|8: 3400 1318 555 283 108 59 24 9 4 1 
17887|Child_Avg|3: 3646 1305 481 253 107 61 21 10 4 1 
17925|Survivor|1: 2588 1041 377 191 87 32 13 4 1 
18073|Child_Cross12|13: 3629 1093 508 211 98 51 23 10 4 1 
18084|Child_Cross12|45: 3569 1227 481 192 93 51 23 10 4 1 
18164|Survivor|1: 3530 1163 418 207 78 30 11 5 1 
18203|Survivor|1: 3361 1215 573 254 105 56 24 9 4 1 
18207|Child_CrossABC1|1: 3362 1204 584 251 101 56 24 9 4 1 
18368|Child_LevyP1|9: 6099 1601 559 294 124 58 24 9 4 1 
18378|Child_Cross12|41: 3891 1386 566 247 100 58 24 9 4 1 
18381|Child_CrossABC2|2: 3883 1389 577 248 101 58 24 9 4 1 
18408|Survivor|1: 4028 1236 483 248 96 57 21 10 4 1 
18519|Survivor|1: 4067 1445 539 231 102 56 24 9 4 1 
18524|Child_Avg|11: 4314 1498 549 231 97 56 24 9 4 1 
18536|Child_CrossABC2|8: 4091 1256 595 228 101 58 24 9 4 1 
18555|Survivor|1: 3897 1509 521 237 91 53 24 9 4 1 
18560|Survivor|1: 4099 1527 569 231 92 55 24 9 4 1 
18563|Child_CrossABC1|1: 4099 1532 569 231 92 55 24 9 4 1 
18595|Child_Levy|12: 5263 1518 552 284 108 49 21 10 4 1 
18626|Survivor|1: 3941 1211 495 232 91 54 23 10 4 1 
18784|Child_Cross21|22: 4147 1584 580 255 103 59 24 9 4 1 
18785|Child_Cross12|33: 4142 1591 578 253 103 59 24 9 4 1 
18786|Child_Cross21|50: 3704 1457 550 246 103 59 24 9 4 1 
18787|Child_Avg|7: 3942 1493 553 248 101 58 24 9 4 1 
18796|Child_Avg|59: 3911 1435 545 231 97 56 24 9 4 1 
18807|Child_Cross21|22: 3842 1446 538 246 97 56 24 9 4 1 
18813|Child_Cross12|13: 4087 1483 566 243 93 56 24 9 4 1 
18815|Survivor|1: 4111 1576 570 237 99 55 24 9 4 1 
18830|Child_Avg|27: 3979 1457 541 235 89 55 24 9 4 1 
18873|Child_Cross21|54: 2713 994 390 148 73 29 9 4 1 
18954|Child_Avg|19: 4130 1337 509 292 126 65 24 9 4 1 
18969|Child_Cross12|41: 3749 1292 490 251 105 58 24 9 4 1 
18979|Survivor|1: 3862 1312 494 255 107 64 24 9 4 1 
18984|Survivor|1: 3460 1304 504 257 95 55 24 9 4 1 
18992|Child_CrossABC2|2: 3140 1304 614 257 95 55 24 9 4 1 
18994|Child_Avg|15: 3534 1306 580 257 95 55 24 9 4 1 
19000|Survivor|1: 3543 1289 538 255 89 55 24 9 4 1 
19076|Child_Levy|20: 3622 1295 675 230 108 60 21 10 4 1 
19165|Child_Cross21|14|Mutated: 3517 1141 535 229 98 58 21 10 4 1 
19182|Survivor|1: 3689 1142 494 217 90 55 21 10 4 1 
19223|Child_Cross12|25: 4230 1333 501 250 121 47 25 9 4 1 
19246|Survivor|1: 3870 1424 560 244 101 49 25 10 4 1 
19502|Child_Cross21|2: 3698 1195 469 224 94 51 19 10 4 1 
19647|Child_Cross12|25: 5398 1620 653 285 138 61 24 9 4 1 
19657|Child_Cross21|50: 5434 1625 675 291 136 61 24 9 4 1 
19662|Child_CrossABC1|1: 5432 1648 662 297 137 62 27 10 4 1 
19667|Child_Avg|55: 4333 1311 565 253 108 62 24 9 4 1 
19668|Child_Avg|27: 4087 1387 566 235 108 61 24 9 4 1 
19677|Child_CrossABC2|8: 4087 1387 566 235 108 59 24 9 4 1 
19681|Child_CrossABC1|7: 4123 1391 566 235 108 59 24 9 4 1 
19683|Child_CrossABC1|1: 4182 1409 573 234 108 59 24 9 4 1 
19684|Child_CrossABC1|7: 4175 1401 572 233 108 59 24 9 4 1 
19685|Child_CrossABC2|8: 4185 1403 572 233 108 59 24 9 4 1 
19686|Child_CrossABC2|8: 4182 1404 571 235 108 59 24 9 4 1 
19701|Survivor|1: 3803 1392 566 226 105 58 24 9 4 1 
20009|Survivor|1: 3187 1225 482 226 91 48 20 9 4 1 
20137|Child_Levy|52: 3510 1303 549 218 94 55 21 10 4 1 
20172|Child_Avg|59: 3565 1145 509 217 88 50 23 10 4 1 
20252|Survivor|1: 5645 1773 842 313 139 65 24 9 4 1 
20258|Survivor|1: 3738 1543 613 254 119 65 24 9 4 1 
20276|Survivor|1: 3681 1531 612 274 114 65 24 9 4 1 
20281|Child_Cross21|10: 3340 1368 617 259 111 65 24 9 4 1 
20283|Child_CrossABC1|1: 3468 1531 698 251 108 65 24 9 4 1 
20293|Child_CrossABC1|7: 3575 1535 628 253 108 65 24 9 4 1 
20294|Child_CrossABC1|1|Mutated: 3624 1432 609 256 108 65 24 9 4 1 
20299|Child_Cross21|14: 3525 1542 606 251 108 62 24 9 4 1 
20301|Child_CrossABC2|8: 3656 1346 591 256 108 65 24 9 4 1 
20337|Survivor|1: 4153 1368 576 225 103 62 24 9 4 1 
20383|Child_Avg|43: 3952 1363 511 221 90 56 24 9 4 1 
20450|Child_Avg|27: 2150 787 340 132 67 24 9 4 1 
20468|Survivor|1: 3282 1346 477 209 101 64 24 9 4 1 
20673|Survivor|1: 4438 1407 622 273 103 52 24 9 4 1 
20674|Child_CrossABC2|2: 4441 1349 631 268 107 52 24 9 4 1 
20705|Survivor|1: 3521 1156 524 217 88 50 23 10 4 1 
20818|Survivor|1|Mutated: 3498 1469 595 225 98 64 24 9 4 1 
20931|Child_Cross21|42: 2732 1128 475 204 103 50 19 10 4 1 
20946|Child_CrossABC2|8: 3491 1225 526 227 106 50 19 10 4 1 
20948|Child_Cross12|33: 3244 1168 499 219 91 51 19 10 4 1 
21149|Survivor|1: 2481 964 357 158 70 24 9 4 1 
21154|Child_CrossABC2|2: 2219 889 379 156 70 24 9 4 1 
21160|Survivor|1|Mutated: 2162 889 379 156 70 24 9 4 1 
21454|Survivor|1: 3823 1133 508 221 93 49 24 9 4 1 
21456|Survivor|1: 3523 1241 508 222 93 49 24 9 4 1 
21865|Survivor|1: 3347 1186 525 209 86 54 20 9 4 1 
22003|Survivor|1: 2376 973 350 131 65 28 11 4 1 
22022|Child_Cross21|54: 3797 1144 537 200 108 59 24 9 4 1 
22029|Child_CrossABC1|1: 3360 1004 482 209 103 59 24 9 4 1 
22053|Child_Avg|47: 3332 1240 498 217 88 57 23 10 4 1 
22132|Child_Cross21|18: 3063 1270 536 205 104 56 21 10 4 1 
22134|Child_Cross21|14: 3512 1323 536 217 101 55 21 10 4 1 
22137|Child_Cross21|10: 3405 1311 563 208 101 48 20 9 4 1 
22160|Survivor|1: 3508 1352 532 208 91 48 20 9 4 1 
22166|Child_Avg|23: 3402 1277 507 235 96 46 20 9 4 1 
22170|Child_Avg|3: 3412 1282 521 229 93 46 20 9 4 1 
22173|Child_CrossABC2|2: 3552 1304 575 231 96 46 20 9 4 1 
22241|Child_Cross12|29: 4469 1265 555 230 112 57 23 10 4 1 
22278|Survivor|1: 3978 1180 473 212 90 55 24 9 4 1 
22324|Child_CrossABC2|8|Mutated: 3482 1084 465 203 101 46 20 9 4 1 
22568|Survivor|1: 3446 1304 498 223 93 43 24 9 4 1 
22587|Child_CrossABC1|7|Mutated: 3475 1306 502 230 88 43 24 9 4 1 
22729|Child_LevyP1|3: 2780 1000 367 149 70 27 10 4 1 
22803|Child_Avg|3: 5112 1681 595 241 135 59 20 9 4 1 
22813|Child_Levy|4: 5122 1559 589 280 124 59 24 9 4 1 
22815|Survivor|1: 5257 1648 644 329 122 59 20 9 4 1 
22822|Child_CrossABC1|1: 5291 1616 651 336 113 59 20 9 4 1 
22823|Child_Cross21|18: 5402 1513 642 257 103 59 20 9 4 1 
22824|Child_CrossABC2|2: 5391 1460 651 258 105 59 20 9 4 1 
22835|Child_CrossABC1|7: 5375 1495 657 253 103 59 20 9 4 1 
22836|Child_Cross12|41: 5379 1507 626 257 103 59 20 9 4 1 
22837|Child_CrossABC1|7: 5375 1495 655 253 103 59 20 9 4 1 
22851|Child_CrossABC2|2: 5353 1476 646 252 103 59 20 9 4 1 
22853|Child_Avg|15: 5433 1580 627 254 102 59 20 9 4 1 
22861|Child_Cross12|37: 5400 1485 618 254 101 59 20 9 4 1 
22864|Survivor|1: 5404 1511 615 254 101 59 20 9 4 1 
22872|Child_Cross12|41: 5489 1503 615 254 101 59 20 9 4 1 
22878|Child_Cross12|25: 5478 1537 620 254 101 59 20 9 4 1 
22879|Child_Avg|11: 5423 1499 615 254 101 59 20 9 4 1 
22882|Child_Cross12|33: 5372 1513 614 254 101 59 20 9 4 1 
22884|Child_CrossABC1|1: 5449 1511 615 254 101 59 20 9 4 1 
22892|Child_Avg|39: 5397 1511 615 254 101 59 20 9 4 1 
22893|Child_Cross12|5: 5423 1498 614 254 101 59 20 9 4 1 
22895|Child_Avg|39: 5410 1507 614 254 103 59 20 9 4 1 
22896|Child_Avg|31: 5469 1508 614 254 102 59 20 9 4 1 
22897|Child_CrossABC2|8: 5379 1508 614 254 102 59 20 9 4 1 
22898|Child_CrossABC2|8: 5467 1508 616 254 102 59 20 9 4 1 
22900|Child_Avg|19: 5412 1509 616 254 102 59 20 9 4 1 
22902|Child_CrossABC1|7: 5481 1513 616 254 102 59 20 9 4 1 
22908|Child_Avg|11: 5440 1509 616 254 102 59 20 9 4 1 
22909|Child_CrossABC2|8: 5444 1513 616 254 102 59 20 9 4 1 
22910|Child_CrossABC1|7: 5447 1516 616 254 102 59 20 9 4 1 
22913|Child_CrossABC2|2: 5384 1513 614 254 102 59 20 9 4 1 
22914|Child_Cross21|38: 5428 1511 615 254 101 59 20 9 4 1 
22915|Child_CrossABC2|8: 5427 1514 613 254 103 59 20 9 4 1 
22917|Child_Avg|51: 5434 1511 615 254 101 57 20 9 4 1 
22919|Child_CrossABC2|2: 5427 1511 615 254 101 57 20 9 4 1 
22920|Child_Cross21|26: 5407 1511 615 254 101 57 20 9 4 1 
22921|Child_Cross21|58: 5370 1511 615 254 101 57 20 9 4 1 
22922|Child_Cross12|57: 5422 1511 615 254 101 57 20 9 4 1 
22923|Child_CrossABC1|1: 5439 1511 615 254 101 57 20 9 4 1 
22924|Child_Cross21|38: 5409 1511 615 254 101 57 20 9 4 1 
22926|Child_Avg|7: 5391 1511 615 254 101 57 20 9 4 1 
22928|Child_Avg|7: 5400 1511 615 254 101 57 20 9 4 1 
22929|Child_Cross12|49: 5385 1511 615 254 101 57 20 9 4 1 
22930|Child_CrossABC1|1: 5392 1511 615 254 101 57 20 9 4 1 
22931|Child_Cross12|1: 5431 1511 615 254 101 57 20 9 4 1 
22933|Child_Cross21|10: 5410 1511 615 254 101 57 20 9 4 1 
22934|Child_Cross21|30: 5420 1511 615 254 101 57 20 9 4 1 
22937|Child_Cross21|26: 5406 1511 615 254 101 57 20 9 4 1 
22939|Child_Avg|51: 5419 1511 615 254 101 57 20 9 4 1 
22940|Child_Avg|55: 5102 1511 615 254 101 57 20 9 4 1 
22941|Child_Cross21|18: 5340 1511 615 254 101 57 20 9 4 1 
22942|Child_CrossABC2|8: 5315 1511 615 254 101 57 20 9 4 1 
22944|Child_Cross12|17: 5390 1511 615 254 101 57 20 9 4 1 
22947|Child_Avg|3: 5382 1511 615 254 101 57 20 9 4 1 
22948|Child_Cross12|41: 5360 1511 615 254 101 57 20 9 4 1 
22950|Child_Cross12|41: 5367 1511 615 254 101 57 20 9 4 1 
22951|Child_Avg|23: 5341 1511 615 254 101 57 20 9 4 1 
22952|Child_Cross12|1: 5333 1511 615 254 101 57 20 9 4 1 
22956|Child_Avg|11: 5331 1511 615 254 101 57 20 9 4 1 
22957|Child_Cross21|18: 5351 1511 615 254 101 57 20 9 4 1 
22958|Child_Cross12|33: 5339 1511 615 254 101 57 20 9 4 1 
22960|Child_Cross12|45: 5381 1511 615 254 101 57 20 9 4 1 
22962|Child_Cross12|29: 5324 1511 615 254 101 57 20 9 4 1 
22963|Child_Cross21|54: 5327 1511 615 254 101 57 20 9 4 1 
22964|Child_CrossABC1|1: 5312 1511 615 254 101 57 20 9 4 1 
22965|Child_Cross21|6: 5293 1511 615 254 101 57 20 9 4 1 
22966|Child_CrossABC2|8: 5343 1511 615 254 101 57 20 9 4 1 
22968|Child_Avg|39: 5262 1511 615 254 101 57 20 9 4 1 
22969|Child_Cross21|58: 5330 1511 615 254 101 57 20 9 4 1 
22971|Child_Avg|11: 5342 1511 615 254 101 57 20 9 4 1 
22976|Child_Avg|39: 5325 1511 615 254 101 57 20 9 4 1 
22981|Child_Cross21|58: 5336 1454 615 254 101 57 20 9 4 1 
22983|Child_Cross21|26: 5006 1511 615 254 101 57 20 9 4 1 
22986|Child_Cross12|5: 5336 1505 615 254 101 57 20 9 4 1 
22988|Child_Avg|27: 5337 1511 615 254 101 57 20 9 4 1 
22992|Child_Cross12|1: 5171 1511 615 254 101 57 20 9 4 1 
22993|Child_Avg|35: 5344 1511 615 254 101 57 20 9 4 1 
22994|Child_Cross12|13: 5291 1511 615 254 101 57 20 9 4 1 
22996|Child_Avg|19: 5272 1511 615 254 101 57 20 9 4 1 
22997|Child_Cross21|54: 5278 1511 615 254 101 57 20 9 4 1 
22998|Child_Avg|43: 5318 1511 615 254 101 57 20 9 4 1 
23001|Child_Cross12|41: 5453 1511 615 254 101 57 20 9 4 1 
23003|Child_Cross21|58: 5290 1511 615 254 101 57 20 9 4 1 
23005|Child_Avg|23: 5357 1511 615 254 101 57 20 9 4 1 
23006|Child_Cross12|9: 5321 1511 615 254 101 57 20 9 4 1 
23007|Child_Avg|39: 5269 1511 615 254 101 57 20 9 4 1 
23008|Child_Avg|7: 5306 1511 615 254 101 57 20 9 4 1 
23009|Child_Cross21|14: 5275 1511 615 254 101 57 20 9 4 1 
23011|Child_Cross12|53: 5193 1511 615 254 101 57 20 9 4 1 
23012|Child_CrossABC2|8: 5413 1511 615 254 101 57 20 9 4 1 
23015|Child_Cross21|34: 5288 1511 615 254 101 57 20 9 4 1 
23017|Child_Cross21|2: 5300 1511 615 254 101 57 20 9 4 1 
23021|Child_Avg|3: 5314 1511 615 254 101 57 20 9 4 1 
23022|Child_Avg|19: 5311 1511 615 254 101 57 20 9 4 1 
23026|Child_Cross12|37: 5296 1511 615 254 101 57 20 9 4 1 
23028|Child_CrossABC2|2: 5336 1511 615 254 101 57 20 9 4 1 
23032|Child_Cross21|22: 5305 1511 615 254 101 57 20 9 4 1 
23036|Child_Avg|31: 5513 1511 615 254 101 57 20 9 4 1 
23038|Child_Cross12|49: 5180 1511 615 254 101 57 20 9 4 1 
23039|Child_Avg|23: 5412 1511 615 254 101 57 20 9 4 1 
23044|Child_Avg|59: 5403 1511 615 254 101 57 20 9 4 1 
23046|Child_Avg|51: 5452 1511 615 254 101 57 20 9 4 1 
23049|Child_Cross21|58: 5352 1511 615 254 101 57 20 9 4 1 
23050|Child_Cross12|29: 5379 1511 615 254 101 57 20 9 4 1 
23051|Child_Cross21|2: 5299 1511 615 254 101 57 20 9 4 1 
23056|Child_Avg|7: 5369 1511 615 254 101 57 20 9 4 1 
23058|Child_Avg|35: 5354 1511 615 254 101 57 20 9 4 1 
23060|Child_Cross12|25: 5485 1511 615 254 101 57 20 9 4 1 
23061|Child_Cross21|54: 5433 1511 615 254 101 57 20 9 4 1 
23066|Child_Cross21|6: 5393 1511 615 254 101 57 20 9 4 1 
23067|Child_Avg|43: 5418 1511 615 254 101 57 20 9 4 1 
23068|Child_Cross21|26: 5388 1511 615 254 101 57 20 9 4 1 
23074|Child_CrossABC2|8: 5517 1511 615 254 101 57 20 9 4 1 
23081|Child_Avg|51: 5401 1511 615 254 101 57 20 9 4 1 
23087|Child_Cross21|6: 5395 1511 615 254 101 57 20 9 4 1 
23090|Child_Cross21|22: 5397 1511 615 254 101 57 20 9 4 1 
23091|Child_Cross21|30: 5398 1511 615 254 101 57 20 9 4 1 
23096|Child_Cross12|45: 5404 1511 615 254 101 57 20 9 4 1 
23100|Child_Avg|51: 5284 1511 615 254 101 57 20 9 4 1 
23101|Child_Cross12|33: 5177 1511 615 254 101 57 20 9 4 1 
23135|Survivor|1|Mutated: 5331 1472 585 239 99 57 20 9 4 1 
23159|Survivor|1: 5264 1402 575 234 93 57 20 9 4 1 
23178|Survivor|1: 5225 1405 590 231 93 57 20 9 4 1 
23187|Survivor|1: 5402 1401 574 232 90 57 20 9 4 1 
23253|Survivor|1: 4162 1244 515 221 86 54 20 9 4 1 
23511|Survivor|1: 3990 1381 544 241 97 55 24 9 4 1 
23694|Child_Cross12|49: 4085 1429 609 244 133 65 24 9 4 1 
23779|Child_Cross21|42: 3770 1310 565 247 103 51 23 10 4 1 
23800|Survivor|1: 3901 1167 526 234 89 46 24 9 4 1 
24193|Child_Cross12|29: 3334 1056 405 195 74 29 10 4 1 
24288|Survivor|1: 3637 1127 588 249 122 57 21 10 4 1 
24292|Child_Cross21|54: 5097 1618 666 240 107 57 21 10 4 1 
24299|Child_Avg|51: 3823 1122 556 232 101 56 21 10 4 1 
24307|Child_Avg|3: 3920 1180 570 235 101 57 21 10 4 1 
24328|Child_Cross12|45: 3928 1280 560 229 96 57 21 10 4 1 
24329|Child_CrossABC1|7: 3955 1253 560 229 117 57 21 10 4 1 
24345|Survivor|1: 3278 1213 541 220 87 51 19 10 4 1 
24592|Survivor|1: 4070 1297 521 219 99 55 24 9 4 1 
24636|Survivor|1: 3941 1170 508 227 89 52 24 9 4 1 
24692|Child_Cross12|37: 6369 1892 781 314 155 56 24 9 4 1 
24698|Survivor|1: 6385 1748 762 298 153 55 19 10 4 1 
24700|Child_Cross12|53: 3357 1510 568 233 110 54 19 10 4 1 
24714|Child_CrossABC1|7: 3493 1219 532 219 97 51 19 10 4 1 
24727|Child_CrossABC1|1: 3515 1237 553 224 124 51 19 10 4 1 
24753|Child_CrossABC1|7: 3628 1107 491 213 87 51 19 10 4 1 
24961|Child_Avg|15: 6017 1576 617 271 118 64 24 11 5 1 
25104|Child_Cross21|46: 5243 1567 731 317 134 54 19 10 4 1 
25118|Child_Cross12|37: 5522 1551 680 253 115 54 19 10 4 1 
25121|Child_Avg|39: 4271 1257 584 249 113 54 19 10 4 1 
25131|Child_Cross21|50: 3881 1210 548 235 107 53 19 10 4 1 
25133|Child_Cross12|9: 4081 1196 553 242 109 54 19 10 4 1 
25135|Survivor|1: 4037 1209 549 245 104 53 19 10 4 1 
25136|Child_Cross21|18: 3854 1227 544 215 103 53 19 10 4 1 
25139|Child_Avg|39: 3939 1226 570 230 104 53 19 10 4 1 
25140|Child_Cross21|10: 3999 1230 594 234 101 52 19 10 4 1 
25141|Child_CrossABC1|1: 3949 1224 567 230 99 53 19 10 4 1 
25145|Survivor|1: 3906 1241 562 233 98 52 19 10 4 1 
25147|Survivor|1: 3955 1248 557 233 98 52 17 10 4 1 
25149|Child_CrossABC2|8: 4003 1229 562 235 97 52 19 10 4 1 
25150|Child_Avg|7: 4044 1245 561 240 97 52 19 10 4 1 
25151|Child_Cross12|21: 3973 1232 561 235 97 52 19 10 4 1 
25152|Child_CrossABC2|2: 4001 1255 561 235 97 52 19 10 4 1 
25154|Child_CrossABC2|8: 3984 1239 561 235 97 52 19 10 4 1 
25155|Child_CrossABC1|7: 3979 1227 561 235 97 52 19 10 4 1 
25157|Child_Avg|31: 3987 1238 560 237 96 52 19 10 4 1 
25158|Child_Avg|39: 3997 1242 561 235 97 52 19 10 4 1 
25159|Child_Cross12|25: 3987 1227 561 235 97 52 19 10 4 1 
25162|Child_Cross21|14: 3988 1238 560 237 96 52 19 10 4 1 
25164|Child_Cross21|46: 4011 1239 560 237 96 52 19 10 4 1 
25166|Child_Cross21|46: 4003 1239 560 237 96 52 19 10 4 1 
25167|Child_CrossABC1|1: 4000 1238 560 237 96 52 19 10 4 1 
25168|Child_Cross12|1: 3998 1237 560 237 96 52 19 10 4 1 
25169|Child_Avg|59: 3998 1238 560 237 96 52 19 10 4 1 
25170|Child_Avg|31: 3995 1237 560 237 96 52 19 10 4 1 
25171|Child_Cross12|5: 4000 1239 560 237 96 52 19 10 4 1 
25172|Child_Avg|51: 4001 1238 560 237 96 52 19 10 4 1 
25174|Child_Cross21|2: 4061 1238 560 237 96 52 19 10 4 1 
25177|Child_Cross21|2: 4011 1238 560 237 96 52 19 10 4 1 
25178|Child_Cross21|14: 4026 1238 560 237 96 52 19 10 4 1 
25180|Child_CrossABC2|2: 4023 1238 560 237 96 52 19 10 4 1 
25181|Child_Cross21|22: 3665 1238 560 237 96 52 19 10 4 1 
25188|Child_Avg|35: 4008 1238 560 237 96 52 19 10 4 1 
25189|Child_Avg|11: 4012 1238 560 237 96 52 19 10 4 1 
25190|Child_Cross12|33: 4022 1238 560 237 96 52 19 10 4 1 
25197|Child_Cross12|57: 4020 1238 560 237 96 52 19 10 4 1 
25198|Child_Avg|59: 4010 1238 560 237 96 52 19 10 4 1 
25202|Child_Cross12|29: 3642 1238 560 237 96 52 19 10 4 1 
25205|Child_CrossABC1|1: 3559 1238 560 237 96 52 19 10 4 1 
25209|Child_Cross12|25: 3484 1238 560 237 96 52 19 10 4 1 
25212|Child_Cross21|54: 3636 1238 560 237 96 52 19 10 4 1 
25213|Child_Avg|43: 3880 1238 560 237 96 52 19 10 4 1 
25215|Child_Avg|11: 3784 1238 560 237 96 52 19 10 4 1 
25217|Child_Cross12|53: 3536 1238 560 237 96 52 19 10 4 1 
25218|Child_CrossABC2|2: 3345 1238 560 237 96 52 19 10 4 1 
25220|Child_Cross12|45: 3761 1238 560 237 96 52 19 10 4 1 
25221|Child_Cross12|25: 3653 1238 560 237 96 52 19 10 4 1 
25222|Child_Cross21|30: 3535 1238 560 237 96 52 19 10 4 1 
25223|Child_Cross21|14: 3999 1238 560 237 96 52 19 10 4 1 
25224|Child_Cross21|14: 3687 1238 560 237 96 52 19 10 4 1 
25225|Child_Cross12|33: 3633 1238 560 237 96 52 19 10 4 1 
25226|Child_CrossABC2|2: 3645 1238 560 237 96 52 19 10 4 1 
25227|Child_Cross21|6: 3654 1238 560 237 96 52 19 10 4 1 
25228|Child_Avg|47: 3634 1238 560 237 96 52 19 10 4 1 
25231|Child_Avg|27: 3731 1238 560 237 96 52 19 10 4 1 
25236|Child_CrossABC2|2: 3526 1238 560 237 96 52 19 10 4 1 
25237|Child_CrossABC2|2|Mutated: 3690 1238 560 237 96 52 19 10 4 1 
25239|Child_Cross21|6: 3601 1238 560 237 96 52 19 10 4 1 
25241|Child_Cross21|54: 3534 1238 560 237 96 52 19 10 4 1 
25243|Child_Avg|35: 3593 1238 560 237 96 52 19 10 4 1 
25244|Child_Avg|39: 3688 1238 560 237 96 52 19 10 4 1 
25245|Child_Cross21|22: 3604 1238 560 237 96 52 19 10 4 1 
25249|Child_Cross21|38: 3664 1238 560 237 96 52 19 10 4 1 
25253|Child_Avg|15: 3610 1238 560 237 96 52 19 10 4 1 
25254|Child_Avg|19: 3648 1238 560 237 96 52 19 10 4 1 
25256|Child_Cross21|6: 3588 1238 560 237 96 52 19 10 4 1 
25259|Child_Cross12|9: 3644 1238 560 237 96 52 19 10 4 1 
25260|Child_Cross21|2: 3579 1238 560 237 96 52 19 10 4 1 
25261|Child_Cross12|21: 3582 1238 560 237 96 52 19 10 4 1 
25263|Child_Avg|31: 3572 1238 560 237 96 52 19 10 4 1 
25265|Child_Cross21|34: 3570 1238 560 237 96 52 19 10 4 1 
25266|Child_Cross12|13: 3652 1238 560 237 96 52 19 10 4 1 
25268|Child_Cross12|33: 3570 1335 560 237 96 52 19 10 4 1 
25269|Child_Cross21|18: 3613 1238 560 237 96 52 19 10 4 1 
25270|Child_Avg|23: 3623 1238 560 237 96 52 19 10 4 1 
25274|Child_Cross12|45: 3569 1238 560 237 96 52 19 10 4 1 
25275|Child_CrossABC1|7: 3592 1238 560 237 106 51 19 10 4 1 
25276|Child_Cross21|30: 3581 1238 560 237 96 52 19 10 4 1 
25278|Child_Cross12|49: 3635 1238 560 237 96 52 19 10 4 1 
25279|Child_Cross21|54: 3611 1238 560 237 96 52 19 10 4 1 
25280|Child_Avg|43: 3594 1238 560 237 96 52 19 10 4 1 
25284|Child_Cross12|13: 3591 1238 560 237 96 52 19 10 4 1 
25287|Child_Avg|31: 3578 1238 560 237 96 52 19 10 4 1 
25289|Child_Cross12|53: 3558 1238 560 237 96 52 19 10 4 1 
25293|Child_Avg|23: 3571 1238 560 237 96 52 19 10 4 1 
25295|Child_Cross12|29: 3552 1238 560 237 96 52 19 10 4 1 
25300|Child_Cross12|13: 3556 1238 560 237 96 52 19 10 4 1 
25301|Child_Avg|39|Mutated: 3498 1238 560 237 96 52 19 10 4 1 
25302|Child_CrossABC1|7: 3546 1238 560 237 96 52 19 10 4 1 
25307|Child_Cross21|42: 3548 1238 560 237 96 52 19 10 4 1 
25309|Child_Cross12|29: 3549 1238 560 237 96 52 19 10 4 1 
25311|Child_Avg|11: 3557 1238 560 237 96 52 19 10 4 1 
25313|Child_Cross21|58: 3547 1238 560 237 96 52 19 10 4 1 
25358|Survivor|1: 3565 1220 546 235 92 52 19 10 4 1 
25412|Survivor|1: 3860 1211 550 234 109 61 19 10 4 1 
25420|Child_CrossABC1|1: 3811 1215 558 237 103 59 21 10 4 1 
25429|Survivor|1: 3811 1215 558 237 103 59 20 9 4 1 
25436|Survivor|1|Mutated: 3209 1215 457 237 103 59 20 9 4 1 
25441|Child_CrossABC1|7: 4091 1254 651 232 103 59 20 9 4 1 
25562|Child_Cross21|50: 3376 1416 609 243 124 58 24 9 4 1 
25643|Survivor|1: 3098 1271 673 253 119 57 23 10 4 1 
25680|Child_CrossABC2|2: 2715 1149 553 237 96 54 23 10 4 1 
25751|Child_Avg|31: 3591 1270 574 220 93 51 23 10 4 1 
25777|Child_Cross21|10: 3591 1270 579 220 93 51 23 10 4 1 
25781|Child_CrossABC2|8: 3591 1270 582 220 93 51 23 10 4 1 
25792|Survivor|1: 3605 1303 571 217 88 50 23 10 4 1 
25797|Survivor|1: 3622 1326 563 228 87 49 21 10 4 1 
25850|Survivor|1: 3445 1425 535 209 96 49 21 10 4 1 
25852|Survivor|1: 3354 1391 595 230 96 49 21 10 4 1 
25858|Child_Cross12|37: 3399 1408 565 219 96 49 21 10 4 1 
25863|Child_CrossABC2|2: 3577 1361 547 234 93 49 21 10 4 1 
25872|Child_CrossABC1|7: 3580 1361 548 236 93 49 21 10 4 1 
25873|Child_CrossABC2|2: 3579 1361 546 236 93 49 21 10 4 1 
25901|Survivor|1: 3656 1360 536 232 81 48 20 9 4 1 
25907|Survivor|1: 3646 1341 540 232 81 48 20 9 4 1 
25964|Child_CrossABC1|1: 3445 1265 526 207 93 43 20 9 4 1 
25968|Child_Cross21|26: 3497 1198 480 198 90 43 20 9 4 1 
26023|Survivor|1: 3865 1354 526 271 111 52 24 9 4 1 
26034|Survivor|1: 3960 1394 538 261 101 52 24 9 4 1 
26131|Child_LevyP1|3|Mutated: 3184 1155 461 193 81 32 13 4 1 
26166|Survivor|1: 2686 994 404 173 79 31 10 4 1 
26235|Child_Cross12|53: 3896 1979 707 262 126 56 25 9 4 1 
26242|Child_CrossABC2|2: 4211 1417 623 259 126 52 24 9 4 1 
26254|Survivor|1: 3327 1330 507 227 111 52 24 9 4 1 
26255|Child_CrossABC2|2: 3689 1382 502 227 111 52 24 9 4 1 
26256|Child_CrossABC1|7: 3565 1319 509 227 111 52 24 9 4 1 
26259|Child_CrossABC1|7: 3516 1339 521 225 111 52 24 9 4 1 
26290|Child_CrossABC1|1: 3529 1337 518 225 111 52 24 9 4 1 
26299|Survivor|1|Mutated: 3529 1226 518 225 111 52 24 9 4 1 
26301|Child_Cross21|54: 3467 1303 532 215 93 52 24 9 4 1 
26545|Survivor|1: 4201 1332 551 241 111 59 25 10 4 1 
26573|Child_Cross12|57: 4058 1356 587 230 108 57 23 10 4 1 
26574|Child_Cross21|54: 3689 1431 540 206 105 58 24 9 4 1 
26578|Child_Avg|7: 3536 1340 508 203 99 55 24 9 4 1 
26582|Child_Cross12|21|Mutated: 3536 1231 508 203 99 55 24 9 4 1 
26588|Survivor|1: 3359 1256 525 202 95 55 24 9 4 1 
26614|Survivor|1: 3613 1247 517 201 89 55 24 9 4 1 
26625|Survivor|1: 3624 1247 518 201 89 55 24 9 4 1 
26636|Child_CrossABC1|7: 3627 1247 518 201 89 55 24 9 4 1 
26637|Child_Cross12|13: 3518 1247 518 201 89 55 24 9 4 1 
26645|Child_CrossABC1|1: 3647 1247 518 201 89 55 24 9 4 1 
26650|Child_Cross12|25: 3641 1247 518 201 89 55 24 9 4 1 
26662|Child_CrossABC1|7: 3660 1247 518 201 89 55 24 9 4 1 
26670|Child_CrossABC1|1: 3582 1247 518 201 89 55 24 9 4 1 
26671|Child_Cross12|53: 3589 1247 518 201 89 55 24 9 4 1 
26675|Survivor|1: 3607 1247 518 201 89 55 24 9 4 1 
26684|Survivor|1: 3566 1247 518 201 89 55 24 9 4 1 
26685|Child_Cross12|41: 3562 1247 518 201 89 55 24 9 4 1 
26687|Survivor|1: 3616 1247 518 201 89 55 24 9 4 1 
26689|Child_CrossABC2|8: 3614 1247 518 201 89 55 24 9 4 1 
26697|Survivor|1: 3618 1247 518 201 89 55 24 9 4 1 
26705|Child_CrossABC2|8: 3620 1247 518 201 89 55 24 9 4 1 
26716|Child_CrossABC1|1: 3617 1247 518 201 89 55 24 9 4 1 
26727|Survivor|1: 3616 1151 520 201 89 55 24 9 4 1 
26862|Survivor|1: 3534 1077 481 220 80 51 23 10 4 1 
27004|Survivor|1: 6464 1977 864 297 157 55 23 10 4 1 
27006|Child_Cross12|49|Mutated: 6464 1977 864 297 155 58 23 10 4 1 
27016|Child_Avg|27: 5561 1707 759 327 143 57 23 10 4 1 
27018|Child_Avg|11|Mutated: 5157 1572 683 298 135 57 23 10 4 1 
27055|Child_Cross21|50: 4744 1505 634 289 132 57 23 10 4 1 
27066|Child_Avg|7: 4310 1370 607 254 122 57 23 10 4 1 
27067|Child_Cross21|2: 4744 1505 634 289 132 58 23 10 4 1 
27068|Child_Cross12|5: 3393 1250 545 249 107 52 24 9 4 1 
27069|Child_Avg|31: 4087 1353 592 246 108 57 23 10 4 1 
27112|Child_Cross12|41: 4022 1512 647 301 107 54 23 10 4 1 
27131|Child_CrossABC1|1: 3489 1286 473 224 99 55 24 9 4 1 
27144|Child_CrossABC2|8: 3518 1246 466 226 95 55 24 9 4 1 
27146|Child_Cross12|13: 3625 1297 483 219 95 55 24 9 4 1 
27159|Child_Cross12|1: 3581 1288 483 217 90 58 24 9 4 1 
27190|Survivor|1|Mutated: 2445 872 340 147 65 25 9 4 1 
27254|Child_Cross21|14: 4849 1670 675 282 106 55 24 9 4 1 
27255|Child_Cross21|10: 4650 1719 647 310 104 55 24 9 4 1 
27258|Child_CrossABC2|8: 4748 1655 640 288 107 55 24 9 4 1 
27260|Child_Avg|51: 4728 1638 605 276 105 55 24 9 4 1 
27264|Child_Cross21|34: 4721 1647 598 284 104 55 24 9 4 1 
27266|Child_Cross21|14: 3886 1399 545 243 104 55 24 9 4 1 
27270|Child_CrossABC2|2: 4638 1637 639 289 101 52 24 9 4 1 
27274|Survivor|1: 4629 1619 629 289 101 52 24 9 4 1 
27277|Child_Cross12|17: 4585 1675 633 286 99 52 24 9 4 1 
27289|Child_Avg|27: 4353 1667 616 281 99 52 24 9 4 1 
27291|Child_Cross12|5: 4152 1624 606 252 93 52 24 9 4 1 
27324|Child_Avg|39|Mutated: 3919 1499 619 245 92 57 21 10 4 1 
27632|Survivor|1: 3450 931 365 148 62 28 9 4 1 
27746|Survivor|1: 4325 1329 570 258 111 64 24 9 4 1 
27865|Child_LevyP1|3: 3755 1249 536 244 132 53 24 9 4 1 
27866|Child_Avg|39: 3648 1236 536 241 113 55 24 9 4 1 
27883|Survivor|1: 3311 1246 526 228 105 55 24 9 4 1 
27884|Child_CrossABC1|1: 3618 1260 541 211 105 55 24 9 4 1 
27891|Child_Avg|27: 3335 1316 542 209 102 55 24 9 4 1 
27902|Child_CrossABC1|7: 3137 1216 512 218 95 55 24 9 4 1 
28045|Survivor|1: 3529 1144 493 179 77 31 14 4 1 
28067|Child_Levy|4: 2543 939 305 145 73 27 10 4 1 
28158|Survivor|1: 2235 819 315 139 69 27 10 4 1 
28262|Child_Avg|7: 4099 1410 560 246 102 61 24 9 4 1 
28295|Child_Avg|31: 4157 1360 528 239 98 64 24 9 4 1 
28319|Child_CrossABC2|8: 3683 1338 504 240 101 61 24 9 4 1 
28336|Child_CrossABC1|1: 3334 1086 470 227 112 57 21 10 4 1 
28342|Child_LevyP2|10: 3754 1112 466 210 107 55 20 9 4 1 
28384|Survivor|1: 3351 1201 461 200 94 51 19 10 4 1 
28389|Survivor|1: 2828 1192 475 210 94 51 19 10 4 1 
28391|Child_CrossABC1|1: 3766 1195 474 203 94 51 19 10 4 1 
28409|Child_Avg|31: 3421 1175 454 203 87 51 19 10 4 1 
28413|Child_Cross21|42|Mutated: 3689 1046 450 216 94 51 19 10 4 1 
28420|Child_Cross12|17: 3276 1173 457 201 87 51 19 10 4 1 
28447|Child_Cross21|54: 3670 1149 462 201 85 51 19 10 4 1 
28457|Child_Avg|23: 3668 1130 458 201 85 51 19 10 4 1 
28458|Child_Cross12|25: 3635 1178 461 201 85 51 19 10 4 1 
28464|Child_Cross21|22: 3671 1130 458 201 85 51 19 10 4 1 
28467|Child_Avg|7: 3699 1130 458 201 85 51 19 10 4 1 
28471|Child_CrossABC1|1: 3669 1130 458 201 85 51 19 10 4 1 
28479|Child_Cross12|13: 3684 1130 458 201 85 51 19 10 4 1 
28481|Child_Cross12|33: 3672 1130 458 201 85 51 19 10 4 1 
28482|Child_Cross12|41: 3697 1130 458 201 85 51 19 10 4 1 
28489|Child_Cross21|58: 3670 1130 458 201 85 51 19 10 4 1 
28498|Child_CrossABC1|7: 3656 1130 458 201 85 51 19 10 4 1 
28501|Child_Avg|35: 3641 1130 458 201 85 51 19 10 4 1 
28502|Child_Cross12|29: 3655 1130 458 201 85 51 19 10 4 1 
28506|Child_CrossABC1|1: 3662 1130 458 201 85 51 19 10 4 1 
28508|Child_Avg|51: 3654 1130 458 201 85 51 19 10 4 1 
28512|Child_Cross12|57: 3644 1130 458 201 85 51 19 10 4 1 
28519|Child_Cross21|10: 3569 1130 458 201 85 51 19 10 4 1 
28525|Child_Cross21|10: 3675 1130 458 201 85 51 19 10 4 1 
28531|Child_Avg|15: 3722 1130 458 201 85 51 19 10 4 1 
28536|Survivor|1: 3653 1130 458 201 85 51 19 10 4 1 
28673|Child_CrossABC1|7: 2543 739 283 129 57 23 10 4 1 
28878|Child_Levy|32: 3510 1263 516 209 91 43 20 9 4 1 
28896|Child_CrossABC1|7: 3621 1252 523 211 87 43 20 9 4 1 
28901|Child_Cross21|26: 3608 1250 518 209 87 43 20 9 4 1 
28911|Child_Cross21|26: 3619 1256 527 211 87 43 20 9 4 1 
28913|Child_CrossABC2|2: 3608 1262 524 211 87 43 20 9 4 1 
28914|Child_Cross21|2: 3608 1267 530 211 87 43 20 9 4 1 
28922|Child_Cross21|10: 3635 1270 524 211 87 43 20 9 4 1 
28924|Child_CrossABC1|7: 3614 1262 524 211 87 43 20 9 4 1 
28925|Child_Avg|39: 3617 1262 524 211 87 43 20 9 4 1 
28929|Child_Cross21|58: 3620 1262 524 211 87 43 20 9 4 1 
28930|Child_Cross12|33: 3616 1263 524 211 87 43 20 9 4 1 
28932|Child_Cross21|10: 3625 1263 524 211 87 43 20 9 4 1 
28933|Child_Avg|51: 3642 1262 524 211 87 43 20 9 4 1 
28937|Survivor|1: 3614 1262 524 209 87 43 20 9 4 1 
28939|Child_Cross21|38: 3629 1262 524 211 87 43 20 9 4 1 
28943|Child_Cross21|2: 3627 1263 524 211 87 43 20 9 4 1 
28953|Child_Cross21|6: 3496 1262 524 211 87 43 20 9 4 1 
28954|Child_Cross12|33: 3561 1262 524 211 87 43 20 9 4 1 
28955|Child_Cross12|37: 3605 1262 524 211 87 43 20 9 4 1 
28956|Child_Cross21|42: 3645 1262 524 211 87 43 20 9 4 1 
28957|Child_Cross12|53: 3527 1262 524 211 87 43 20 9 4 1 
28959|Child_Cross21|2: 3583 1262 524 211 87 43 20 9 4 1 
28960|Child_Cross21|50|Mutated: 3564 1262 524 211 87 43 20 9 4 1 
29044|Survivor|1: 2484 1032 452 183 72 27 10 4 1 
29052|Child_Cross12|9: 2437 1020 409 177 72 27 10 4 1 
29097|Survivor|1: 3611 1129 659 274 107 61 21 10 4 1 
29255|Child_CrossABC2|2: 3567 1484 582 243 107 55 24 9 4 1 
29268|Child_Avg|11: 3581 1439 582 230 104 55 24 9 4 1 
29286|Child_CrossABC2|2: 3409 1286 529 219 99 55 24 9 4 1 
29310|Child_CrossABC2|8: 3239 1259 529 219 85 53 24 9 4 1 
29316|Child_Cross12|1: 3245 1280 529 219 85 53 24 9 4 1 
29332|Survivor|1: 3323 1255 529 219 85 53 24 9 4 1 
29375|Survivor|1: 3453 1174 540 232 81 48 20 9 4 1 
29721|Child_Avg|19: 3634 1196 542 210 97 50 24 9 4 1 
29751|Child_CrossABC2|2: 3360 1219 529 213 118 50 24 9 4 1 
29766|Survivor|1: 3297 1368 573 217 118 50 24 9 4 1 
29770|Survivor|1: 3188 1222 499 221 103 50 24 9 4 1 
29780|Child_Cross12|53: 3160 1187 503 214 99 47 23 10 4 1 
29781|Child_Avg|19: 3208 1213 490 221 100 46 24 9 4 1 
29892|Survivor|1: 3801 1108 457 203 88 52 19 10 4 1 
30222|Survivor|1: 2558 1022 417 179 62 25 14 4 1 
30416|Survivor|1: 2462 848 308 144 61 23 10 4 1 
30780|Survivor|1: 5068 1992 891 347 155 70 29 9 4 1 
31002|Child_Levy|12: 2619 789 411 176 70 30 11 5 1 
31034|Child_Avg|47: 4888 1782 633 313 108 62 24 9 4 1 
31078|Survivor|1: 5328 1529 603 292 97 62 24 9 4 1 
31145|Child_Avg|35: 4282 1325 563 242 90 53 24 9 4 1 
31320|Survivor|1: 3489 1274 587 231 97 49 23 8 3 1 
31321|Child_Levy|20|Mutated: 3446 1341 618 229 93 49 21 10 4 1 
31339|Survivor|1: 3658 1405 572 223 95 49 21 10 4 1 
31406|Child_Cross12|49: 3400 1324 543 246 95 58 24 9 4 1 
31539|Survivor|1: 3541 1347 560 214 101 64 23 10 4 1 
31575|Survivor|1: 3431 1298 550 212 91 64 23 10 4 1 
31626|Survivor|1: 4388 1509 603 227 99 57 23 10 4 1 
31628|Child_Cross21|38|Mutated: 4041 1572 576 251 98 57 23 10 4 1 
31640|Child_Avg|55: 3744 1410 531 233 95 57 23 10 4 1 
31648|Child_Avg|23: 3904 1471 566 247 88 57 23 10 4 1 
31700|Survivor|1: 3228 1301 510 211 124 60 21 10 4 1 
31786|Child_CrossABC1|7: 3448 1387 568 236 122 67 23 10 4 1 
31800|Child_Cross21|38: 3612 1279 555 237 109 57 23 10 4 1 
31808|Child_Avg|3: 3696 1395 569 224 99 58 23 10 4 1 
31809|Child_CrossABC1|1: 3704 1418 568 225 99 58 23 10 4 1 
31812|Child_CrossABC1|1: 3758 1320 568 271 122 58 23 10 4 1 
31814|Child_CrossABC2|8: 3693 1483 568 254 119 58 23 10 4 1 
31823|Child_Avg|23: 3669 1351 552 230 101 57 23 10 4 1 
31853|Child_Cross21|54: 5833 1753 706 266 111 70 23 10 4 1 
31858|Child_Avg|47: 5068 1508 659 257 117 64 24 9 4 1 
31873|Child_Cross12|9: 5397 1628 626 245 107 64 24 9 4 1 
31881|Survivor|1: 5067 1622 614 247 105 64 24 9 4 1 
31884|Child_Cross21|22: 4936 1529 615 254 101 61 24 9 4 1 
31902|Child_Cross21|14: 4984 1517 614 245 93 52 19 10 4 1 
31933|Child_Avg|55: 3950 1327 514 235 92 52 19 10 4 1 
31940|Survivor|1: 4285 1331 538 222 83 52 19 10 4 1 
31948|Child_Cross21|42|Mutated: 3426 1250 486 212 93 51 19 10 4 1 
31996|Survivor|1: 5698 2155 738 289 140 66 21 10 4 1 
32310|Survivor|1: 2537 827 323 123 63 25 9 4 1 
32389|Child_Cross21|46: 3479 1095 515 240 109 62 24 9 4 1 
32416|Survivor|1: 2205 884 376 175 72 27 10 4 1 
32652|Survivor|1: 2366 914 367 137 66 24 11 5 1 
32823|Survivor|1: 3555 1247 484 259 85 53 24 9 4 1 
32865|Survivor|1: 3255 1216 659 267 146 56 24 9 4 1 
32892|Survivor|1: 3578 1124 519 219 117 62 24 9 4 1 
32894|Child_CrossABC2|8: 3746 1138 541 214 114 61 24 9 4 1 
33019|Child_Cross12|17: 5695 1586 564 279 117 59 27 10 4 1 
33023|Child_CrossABC2|8: 5695 1586 564 279 117 58 27 10 4 1 
33058|Survivor|1: 4290 1404 497 229 111 57 23 10 4 1 
33061|Child_CrossABC2|8: 5898 1766 770 253 142 57 21 10 4 1 
33075|Child_CrossABC2|8: 3312 1512 594 208 111 57 21 10 4 1 
33093|Survivor|1: 3539 1243 487 232 98 55 20 9 4 1 
33102|Child_Cross12|33: 3421 1276 487 217 94 55 20 9 4 1 
33318|Survivor|1|Mutated: 3617 1307 550 228 101 64 23 10 4 1 
33349|Child_CrossABC1|1: 3426 1255 516 209 90 57 21 10 4 1 
33351|Child_Cross21|46: 3799 1327 510 206 90 57 21 10 4 1 
33360|Child_Avg|31: 3697 1252 517 208 90 57 21 10 4 1 
33362|Child_Cross12|13: 3633 1256 516 208 90 57 21 10 4 1 
33363|Child_Cross21|34: 3652 1248 511 209 90 57 21 10 4 1 
33364|Child_Cross12|37: 3572 1283 514 208 90 57 21 10 4 1 
33365|Child_Cross12|45: 3591 1252 517 208 90 57 21 10 4 1 
33368|Child_CrossABC1|7: 3375 1278 517 208 90 57 21 10 4 1 
33377|Child_CrossABC1|1: 3580 1252 517 208 90 57 21 10 4 1 
33378|Child_Cross21|22: 3540 1252 517 208 90 57 21 10 4 1 
33381|Child_Avg|19: 3563 1252 517 208 90 57 21 10 4 1 
33384|Child_Cross21|22: 3598 1252 517 208 90 57 21 10 4 1 
33387|Child_Cross12|5: 3602 1252 517 208 90 57 21 10 4 1 
33388|Child_Cross21|50: 3595 1252 517 208 90 57 21 10 4 1 
33391|Child_Cross21|22: 3596 1252 517 208 90 57 21 10 4 1 
33395|Child_Avg|51: 3592 1252 517 208 90 57 21 10 4 1 
33396|Child_Avg|31: 3588 1252 517 208 90 57 21 10 4 1 
33399|Child_Cross21|34: 3591 1351 517 208 90 57 21 10 4 1 
33403|Child_Cross12|21: 3591 1324 517 208 90 57 21 10 4 1 
33404|Child_CrossABC1|1: 3617 1289 517 208 90 57 21 10 4 1 
33409|Child_Cross12|45: 3596 1261 517 208 90 57 21 10 4 1 
33415|Survivor|1|Mutated: 3593 1261 517 208 90 57 21 10 4 1 
33421|Child_Cross12|57: 3597 1252 517 208 90 57 21 10 4 1 
33426|Child_Cross12|13: 3584 1313 517 208 90 57 21 10 4 1 
33427|Child_Cross12|49: 3591 1306 517 208 90 57 21 10 4 1 
33429|Child_Cross12|37: 3595 1267 517 208 90 57 21 10 4 1 
33433|Child_Cross21|10: 3588 1296 517 208 90 57 21 10 4 1 
33438|Child_Avg|39: 3591 1274 517 208 90 57 21 10 4 1 
33440|Child_Cross12|17: 3594 1250 517 208 90 57 21 10 4 1 
33445|Child_Avg|11: 3592 1272 517 208 90 57 21 10 4 1 
33446|Child_Cross12|53: 3606 1267 517 208 90 57 21 10 4 1 
33449|Child_Avg|27: 3591 1289 517 208 90 57 21 10 4 1 
33451|Child_Cross21|10: 3581 1289 517 208 90 57 21 10 4 1 
33454|Child_Cross12|45: 3558 1300 517 208 90 57 21 10 4 1 
33456|Child_Cross21|2: 3590 1272 517 208 90 57 21 10 4 1 
33459|Child_Cross21|58: 3574 1289 517 208 90 57 21 10 4 1 
33460|Child_Cross21|30: 3587 1289 517 208 90 57 21 10 4 1 
33463|Child_Cross21|14: 3594 1289 517 208 90 57 21 10 4 1 
33464|Child_Avg|47: 3579 1289 517 208 90 57 21 10 4 1 
33465|Child_Cross21|30: 3546 1289 517 208 90 57 21 10 4 1 
33466|Child_Cross21|6: 3572 1289 517 208 90 57 21 10 4 1 
33467|Child_Cross21|14: 3557 1289 517 208 90 57 21 10 4 1 
33469|Child_Cross12|25: 3600 1289 517 208 90 57 21 10 4 1 
33472|Child_Cross21|58: 3568 1289 517 208 90 57 21 10 4 1 
33476|Child_Avg|3: 3570 1289 517 208 90 57 21 10 4 1 
33477|Child_CrossABC1|1: 3553 1289 517 208 90 57 21 10 4 1 
33481|Child_Cross12|45: 3583 1289 517 208 90 57 21 10 4 1 
33504|Child_Cross21|6: 3566 1289 517 208 90 57 21 10 4 1 
33508|Child_Avg|15: 3561 1289 517 208 90 57 21 10 4 1 
33510|Child_Cross12|53: 3560 1289 517 208 90 57 21 10 4 1 
33517|Child_Cross12|29: 3557 1289 517 208 90 46 21 10 4 1 
33520|Child_Cross12|41: 3555 1289 517 208 90 46 21 10 4 1 
33522|Child_Cross12|9: 3574 1289 517 208 90 46 21 10 4 1 
33524|Child_Cross12|1: 3553 1289 517 208 90 46 21 10 4 1 
33527|Child_Cross21|18: 3563 1289 517 208 90 46 21 10 4 1 
33528|Child_Cross21|26: 3560 1289 517 208 90 46 21 10 4 1 
33531|Child_Cross12|5: 3566 1289 517 208 90 46 21 10 4 1 
33534|Child_Avg|23: 3568 1289 517 208 90 46 21 10 4 1 
33540|Child_Cross21|50: 3570 1289 517 208 90 46 21 10 4 1 
33541|Child_Avg|7: 3558 1266 517 208 90 46 21 10 4 1 
33548|Child_Avg|23: 3373 1289 517 208 90 46 21 10 4 1 
33549|Child_Avg|39: 3456 1289 517 208 90 46 21 10 4 1 
33552|Child_Cross21|50: 3519 1289 517 208 90 46 21 10 4 1 
33554|Child_Cross21|34: 3521 1289 517 208 90 46 21 10 4 1 
33555|Child_Cross21|14: 3572 1289 517 208 90 46 21 10 4 1 
33557|Child_Avg|15: 3525 1289 517 208 90 46 21 10 4 1 
33558|Child_Cross12|41: 3527 1289 517 208 90 46 21 10 4 1 
33560|Child_Cross21|18: 3536 1289 517 208 90 46 21 10 4 1 
33565|Child_Cross21|30: 3534 1289 517 208 90 46 21 10 4 1 
33567|Child_Cross12|5: 3538 1289 517 208 90 46 21 10 4 1 
33570|Child_Cross21|42: 3542 1289 517 208 90 46 21 10 4 1 
33571|Child_Cross12|33: 3540 1289 517 208 90 46 21 10 4 1 
33573|Child_Cross12|49: 3544 1289 517 208 90 46 21 10 4 1 
33590|Child_Avg|31: 3548 1289 517 208 90 46 21 10 4 1 
33595|Child_Cross21|54: 3546 1289 517 208 90 46 21 10 4 1 
33601|Child_Cross21|14: 3549 1289 517 208 90 46 21 10 4 1 
33640|Child_Cross12|29: 3531 1289 517 208 90 46 21 10 4 1 
33655|Child_Avg|3: 3529 1289 517 208 90 46 21 10 4 1 
33657|Child_Avg|7: 3533 1289 517 208 90 46 21 10 4 1 
33662|Child_Cross12|49: 3523 1289 517 208 90 46 21 10 4 1 
33684|Child_Cross21|6: 3532 1289 517 208 90 46 21 10 4 1 
33714|Child_Avg|7: 3521 1290 521 208 90 46 21 10 4 1 
33723|Child_Cross21|14: 3506 1299 535 207 85 46 21 10 4 1 
33736|Child_CrossABC2|8: 3506 1309 535 207 85 46 21 10 4 1 
33738|Survivor|1: 3506 1285 535 207 85 46 21 10 4 1 
33841|Survivor|1: 3511 1303 595 231 88 57 23 10 4 1 
33905|Survivor|1: 3448 1199 491 202 99 54 23 10 4 1 
33908|Child_Cross12|29: 3677 1193 475 210 91 54 23 10 4 1 
33983|Survivor|1: 3546 1102 481 227 94 50 24 9 4 1 
34004|Child_Avg|19: 4072 1332 698 241 117 59 24 9 4 1 
34012|Survivor|1|Mutated: 4072 1438 698 241 117 59 24 9 4 1 
34015|Child_Cross12|21: 4212 1441 673 239 117 59 24 9 4 1 
34020|Child_Cross12|41: 3653 1271 574 232 100 53 24 9 4 1 
34066|Child_Cross12|41: 3617 1411 443 190 97 51 19 10 4 1 
34104|Survivor|1: 3429 1056 449 198 87 51 19 10 4 1 
34117|Survivor|1: 3449 1076 425 206 101 51 19 10 4 1 
34200|Child_CrossABC1|1: 6226 1923 649 246 103 50 24 9 4 1 
34219|Survivor|1: 5529 1497 553 255 94 50 24 9 4 1 
34229|Child_CrossABC2|8: 5352 1471 583 247 98 52 24 9 4 1 
34384|Child_CrossABC1|7: 4059 1421 545 217 89 55 24 9 4 1 
34494|Survivor|1|Mutated: 4955 1141 641 274 118 56 21 10 4 1 
34496|Survivor|1|Mutated: 4955 1341 641 274 118 56 21 10 4 1 
34498|Survivor|1|Mutated: 4955 1548 641 274 118 56 21 10 4 1 
34504|Child_Avg|15: 5114 1432 680 275 117 56 21 10 4 1 
34508|Child_Cross21|58: 4516 1428 591 271 114 56 21 10 4 1 
34511|Child_CrossABC2|8: 4793 1343 576 277 115 56 21 10 4 1 
34630|Survivor|1: 3924 1217 518 253 90 50 24 9 4 1 
34932|Child_CrossABC2|8: 4963 1897 672 307 136 56 25 9 4 1 
34939|Survivor|1: 4506 1897 672 307 136 56 25 9 4 1 
34952|Child_CrossABC1|7: 3993 1459 598 267 127 56 25 9 4 1 
34958|Child_CrossABC1|1: 3500 1493 622 297 138 56 24 9 4 1 
34960|Child_Avg|3: 3424 1370 544 243 117 56 24 9 4 1 
34967|Child_Cross12|53: 3750 1303 529 247 112 55 24 9 4 1 
34970|Child_Avg|31: 3571 1310 525 253 114 56 24 9 4 1 
34973|Child_Cross12|13: 3710 1297 526 242 111 55 24 9 4 1 
34976|Child_Cross21|38|Mutated: 3582 1318 529 228 113 55 24 9 4 1 
35041|Child_Avg|51: 3537 1299 532 228 113 55 24 9 4 1 
35048|Child_CrossABC1|7: 3538 1298 531 227 114 55 24 9 4 1 
35053|Child_Avg|51: 3539 1299 540 231 113 55 24 9 4 1 
35061|Child_Avg|19: 3525 1304 543 226 105 55 24 9 4 1 
35062|Child_Avg|47: 3527 1316 542 234 114 55 24 9 4 1 
35063|Child_Avg|23: 3523 1301 536 219 114 55 24 9 4 1 
35082|Child_Cross12|53: 3383 1329 550 234 95 55 24 9 4 1 
35084|Child_Avg|59: 3413 1313 535 217 95 55 24 9 4 1 
35133|Survivor|1: 3687 1269 543 219 83 51 23 10 4 1 
35370|Child_CrossABC2|8: 4299 1386 586 246 118 57 23 10 4 1 
35373|Child_Cross21|58: 4299 1537 586 246 118 57 23 10 4 1 
35374|Child_CrossABC2|2: 4299 1555 586 246 118 57 23 10 4 1 
35377|Child_Avg|11: 4299 1525 586 246 118 57 23 10 4 1 
35378|Child_CrossABC2|2: 4299 1549 586 246 118 57 23 10 4 1 
35379|Child_Cross12|37: 4112 1521 615 274 111 57 23 10 4 1 
35381|Child_Cross21|50: 4174 1481 568 243 111 57 23 10 4 1 
35388|Child_CrossABC2|2: 4174 1478 614 244 111 57 23 10 4 1 
35389|Child_Cross21|2|Mutated: 4205 1505 583 248 105 57 23 10 4 1 
35390|Child_Cross21|26: 3977 1426 569 248 105 57 23 10 4 1 
35406|Child_CrossABC2|8: 3990 1465 578 247 108 57 23 10 4 1 
35415|Survivor|1: 3887 1391 553 247 90 56 24 9 4 1 
35430|Child_CrossABC2|8: 3947 1533 569 247 90 56 24 9 4 1 
35456|Survivor|1: 4049 1441 558 223 90 55 24 9 4 1 
35491|Survivor|1: 4006 1345 560 218 89 55 24 9 4 1 
35505|Survivor|1: 4005 1507 575 224 89 55 24 9 4 1 
35506|Child_Cross12|5: 3968 1516 579 218 89 55 24 9 4 1 
35598|Child_Cross21|38: 3933 1308 517 217 105 52 24 9 4 1 
35640|Survivor|1: 2163 782 340 137 73 30 11 5 1 
35784|Child_Cross21|2: 3891 1436 557 247 101 58 24 9 4 1 
35785|Child_Cross21|26: 6594 1549 664 265 113 58 24 9 4 1 
35806|Child_CrossABC1|7: 4978 1571 631 260 114 55 24 9 4 1 
35820|Child_CrossABC2|8: 4977 1569 636 260 114 55 24 9 4 1 
35826|Child_CrossABC2|8: 4976 1579 618 238 109 55 24 9 4 1 
35829|Child_CrossABC1|7: 5452 1523 612 226 107 55 24 9 4 1 
35834|Child_CrossABC1|7: 5725 1461 606 252 112 55 24 9 4 1 
35856|Child_Cross21|54: 5682 1724 617 253 114 55 24 9 4 1 
35861|Child_Avg|3: 5514 1602 603 238 112 53 24 9 4 1 
35862|Child_Cross21|10: 5715 1543 601 253 104 55 24 9 4 1 
35873|Child_CrossABC1|7: 5850 1552 636 259 105 55 24 9 4 1 
35884|Child_Levy|32: 5447 1580 595 240 102 55 24 9 4 1 
35886|Child_CrossABC1|1: 5843 1573 638 257 111 55 24 9 4 1 
35902|Child_CrossABC1|1: 5583 1516 586 263 108 55 24 9 4 1 
35985|Child_Cross12|57: 4029 1213 518 202 87 46 20 9 4 1 
36422|Survivor|1: 4349 1686 583 220 131 57 23 10 4 1 
36468|Child_Levy|44: 2585 991 344 149 70 27 10 4 1 
36560|Child_CrossABC1|7: 4088 1114 506 247 105 55 24 9 4 1 
36569|Child_CrossABC2|2: 4237 1185 512 264 105 55 24 9 4 1 
36571|Child_Cross12|53: 3576 1105 502 218 95 55 24 9 4 1 
36579|Child_CrossABC2|2: 3790 1105 502 218 95 55 24 9 4 1 
36581|Child_CrossABC2|2: 3811 1105 502 218 95 55 24 9 4 1 
36585|Child_CrossABC1|7: 3824 1105 502 218 95 55 24 9 4 1 
36588|Survivor|1: 3870 1105 502 218 95 55 24 9 4 1 
36596|Child_CrossABC2|2: 3843 1105 502 218 95 55 24 9 4 1 
36603|Survivor|1: 3920 1105 502 218 95 55 24 9 4 1 
36604|Child_CrossABC1|1: 3923 1105 502 218 95 55 24 9 4 1 
36607|Child_CrossABC1|1: 3958 1105 502 218 95 55 24 9 4 1 
36609|Child_CrossABC2|8: 3908 1105 502 218 95 55 24 9 4 1 
36620|Child_CrossABC2|2: 3971 1105 502 218 95 55 24 9 4 1 
36621|Child_CrossABC1|1: 4027 1105 502 218 95 55 24 9 4 1 
36623|Child_CrossABC2|8: 4060 1105 502 218 95 55 24 9 4 1 
36624|Child_CrossABC2|8: 4028 1105 502 218 95 55 24 9 4 1 
36630|Child_CrossABC2|8: 4033 1105 502 218 95 55 24 9 4 1 
36632|Child_CrossABC1|7: 4031 1105 502 218 95 55 24 9 4 1 
36711|Child_CrossABC1|7: 3876 1503 571 279 102 52 19 10 4 1 
36722|Survivor|1: 3459 1319 562 229 85 57 23 10 4 1 
36873|Child_CrossABC1|7: 4065 1408 629 267 109 56 24 9 4 1 
36877|Child_Cross12|41: 4102 1514 583 252 106 55 24 9 4 1 
36910|Survivor|1: 3410 857 386 172 62 27 10 4 1 
36943|Child_Avg|43: 2047 830 325 134 58 24 9 4 1 
36944|Survivor|1|Mutated: 2047 797 325 134 58 24 9 4 1 
36981|Child_Avg|7: 3173 1386 575 219 105 53 24 9 4 1 
37170|Survivor|1: 3656 1052 385 151 76 27 10 4 1 
37260|Survivor|1: 4031 1235 522 217 89 55 24 9 4 1 
37263|Child_CrossABC1|1: 4179 1273 538 218 104 55 24 9 4 1 
37267|Child_CrossABC1|7: 4173 1281 521 218 104 55 24 9 4 1 
37274|Child_CrossABC2|8: 4168 1252 521 218 104 55 24 9 4 1 
37276|Child_CrossABC1|7: 4175 1258 521 218 104 55 24 9 4 1 
37280|Child_CrossABC1|7: 4169 1256 521 218 104 55 24 9 4 1 
37281|Child_CrossABC2|8: 4177 1258 521 218 104 55 24 9 4 1 
37282|Child_CrossABC1|7: 4166 1252 521 218 104 55 24 9 4 1 
37284|Child_CrossABC1|1: 4191 1242 521 218 104 55 24 9 4 1 
37287|Child_Cross12|29: 4018 1241 500 221 99 55 24 9 4 1 
37292|Child_CrossABC1|7: 4010 1230 486 224 99 55 24 9 4 1 
37295|Child_CrossABC1|1: 3980 1273 522 223 99 55 24 9 4 1 
37299|Child_CrossABC1|1: 4010 1278 513 224 99 55 24 9 4 1 
37303|Survivor|1: 3976 1272 524 223 99 55 24 9 4 1 
37309|Child_Cross12|5: 3350 1258 513 223 99 55 24 9 4 1 
37311|Child_Cross21|14: 3998 1247 509 226 97 55 24 9 4 1 
37321|Survivor|1: 3990 1247 509 226 97 55 24 9 4 1 
37322|Child_Cross21|42: 3910 1229 507 233 95 55 24 9 4 1 
37323|Child_Cross21|2: 3552 1280 514 224 95 55 24 9 4 1 
37416|Child_Cross12|53: 4082 1896 771 326 116 57 21 10 4 1 
37425|Child_Avg|31: 4229 1762 627 272 109 60 21 10 4 1 
37433|Survivor|1: 3292 1207 517 229 98 58 21 10 4 1 
37442|Child_Cross12|5: 3348 1283 502 227 97 58 21 10 4 1 
37443|Child_CrossABC1|7: 3325 1211 519 233 97 57 21 10 4 1 
37449|Child_Cross12|53: 3219 1214 499 223 96 57 21 10 4 1 
37471|Child_Levy|60|Mutated: 3851 1211 492 220 96 57 21 10 4 1 
37596|Child_CrossABC2|2: 3389 1209 621 293 125 48 21 10 4 1 
37599|Child_Avg|19: 3035 1315 598 235 115 48 21 10 4 1 
37602|Child_Cross12|25: 3183 1194 520 231 114 46 20 9 4 1 
37606|Child_Cross21|58: 3214 1215 503 242 113 46 20 9 4 1 
37616|Child_CrossABC2|2: 3271 1211 524 287 107 46 20 9 4 1 
37624|Child_Cross21|30: 3163 1201 556 241 96 46 20 9 4 1 
37996|Child_Cross21|42: 2787 874 361 159 81 30 11 5 1 
38043|Survivor|1: 4107 1661 647 266 107 64 24 11 5 1 
38061|Survivor|1: 4066 1275 586 229 98 60 23 10 4 1 
38068|Child_Avg|35: 4243 1496 552 254 101 60 23 10 4 1 
38176|Survivor|1: 3646 1496 517 253 109 57 20 9 4 1 
38203|Child_Cross21|26: 3599 1323 537 209 86 54 20 9 4 1 
38224|Child_Avg|19: 3501 1418 572 231 93 49 21 10 4 1 
38245|Child_Cross21|26: 3428 1244 538 232 91 51 19 10 4 1 
38247|Child_Avg|15: 3565 1227 547 230 88 51 19 10 4 1 
38578|Child_LevyP1|3|Mutated: 3887 1432 618 266 109 59 21 10 4 1 
38587|Child_Cross21|6: 3887 1432 618 266 109 58 21 10 4 1 
38590|Child_Cross21|50: 3744 1455 565 235 102 58 21 10 4 1 
38591|Child_Cross21|30: 3658 1416 622 257 99 56 21 10 4 1 
38756|Child_CrossABC2|8: 3635 1272 509 229 83 50 19 10 4 1 
38763|Child_Avg|47: 3183 1256 516 229 82 50 19 10 4 1 
38863|Child_Cross21|42: 3127 1321 546 223 107 43 24 9 4 1 
38882|Survivor|1: 3549 1434 567 215 98 47 21 10 4 1 
38980|Survivor|1: 3429 1022 495 242 102 57 21 10 4 1 
39126|Survivor|1: 4005 1213 425 249 113 58 24 9 4 1 
39182|Survivor|1: 4046 1216 482 236 99 53 24 9 4 1 
39314|Child_CrossABC1|7: 3543 1220 501 208 108 55 24 9 4 1 
39415|Survivor|1: 3324 1229 519 202 91 57 21 10 4 1 
39566|Survivor|1: 3680 1155 525 239 98 60 23 10 4 1 
39577|Child_CrossABC1|7: 3219 1161 518 231 98 60 23 10 4 1 
39580|Child_CrossABC2|2: 3882 1255 543 231 98 60 23 10 4 1 
39589|Child_CrossABC1|1: 3219 1348 518 231 98 60 23 10 4 1 
39599|Survivor|1: 3234 1363 495 228 98 60 23 10 4 1 
39600|Child_Avg|7: 3276 1335 504 230 98 60 23 10 4 1 
39640|Survivor|1|Mutated: 3325 1360 519 248 91 56 24 9 4 1 
39661|Survivor|1: 3342 1396 514 261 109 55 24 9 4 1 
39680|Child_CrossABC2|2: 3615 1382 523 263 118 55 24 9 4 1 
39681|Child_CrossABC2|2: 3338 1377 517 261 104 55 24 9 4 1 
39724|Survivor|1: 3689 1347 503 273 93 51 23 10 4 1 
39730|Survivor|1: 3636 1486 503 273 93 51 23 10 4 1 
39741|Child_Avg|39: 3889 1420 504 269 91 51 23 10 4 1 
39798|Survivor|1: 3107 802 333 145 62 24 9 4 1 
39999|Child_Avg|55: 2873 843 400 159 72 27 10 4 1 
40067|Child_CrossABC1|7: 4070 1387 519 229 98 57 23 10 4 1 
40081|Survivor|1: 4100 1331 541 227 93 56 24 9 4 1 
40107|Child_Cross21|58|Mutated: 4117 1399 609 236 119 65 23 10 4 1 
40109|Child_Avg|27: 3631 1203 589 272 106 57 21 10 4 1 
40124|Child_Cross21|18: 3414 1217 557 240 91 57 21 10 4 1 
40129|Child_CrossABC2|2: 3412 1213 559 238 91 57 21 10 4 1 
40133|Child_Avg|3: 3017 1132 497 211 90 56 21 10 4 1 
40138|Child_CrossABC2|2: 3518 1254 549 220 95 56 21 10 4 1 
40186|Survivor|1: 3541 1254 569 222 83 57 20 9 4 1 
40206|Child_Avg|35: 3630 1254 569 222 83 57 20 9 4 1 
40215|Survivor|1: 3644 1254 569 222 83 57 20 9 4 1 
40224|Child_Cross21|14: 3447 1254 519 222 83 57 20 9 4 1 
40233|Child_Cross21|34: 3492 1254 565 222 83 57 20 9 4 1 
40316|Child_Avg|55: 3299 1054 485 201 94 55 20 9 4 1 
40526|Survivor|1: 3689 1187 481 219 93 61 23 10 4 1 
40746|Survivor|1: 3602 1310 529 219 94 43 24 9 4 1 
40763|Survivor|1: 3484 1199 497 215 89 45 20 9 4 1 
40820|Child_Cross12|5: 3457 1157 497 204 79 32 13 4 1 
40825|Child_CrossABC2|2: 3201 1367 497 204 79 32 13 4 1 
40827|Child_Avg|59: 3337 924 409 161 76 31 10 4 1 
40875|Child_Cross12|33: 2504 776 339 125 64 24 9 4 1 
40892|Child_CrossABC2|8: 2598 743 349 122 64 24 9 4 1 
41009|Child_Cross12|53: 3599 1321 533 246 87 43 20 9 4 1 
41052|Survivor|1: 3363 1364 510 254 91 48 20 9 4 1 
41295|Child_Cross21|10: 5638 1239 710 307 124 58 24 9 4 1 
41298|Survivor|1|Mutated: 5638 1393 710 307 124 58 24 11 4 1 
41309|Survivor|1: 6504 1391 652 298 123 58 24 11 4 1 
41317|Child_Cross21|34: 4313 1425 602 272 99 57 23 10 4 1 
41337|Child_CrossABC2|2: 3691 1335 532 247 99 47 23 10 4 1 
41384|Survivor|1: 3511 1378 553 236 89 46 24 9 4 1 
41413|Survivor|1: 3541 1331 537 236 101 47 24 9 4 1 
41434|Child_CrossABC2|2: 3533 1314 538 239 102 47 24 9 4 1 
41439|Child_CrossABC1|1: 3510 1271 534 239 102 47 24 9 4 1 
41442|Child_CrossABC2|2: 3534 1305 534 239 102 47 24 9 4 1 
41445|Child_CrossABC2|2: 3535 1266 534 239 102 47 24 9 4 1 
41447|Child_CrossABC2|8: 3528 1273 534 239 102 47 24 9 4 1 
41450|Child_CrossABC2|8: 3532 1241 534 239 102 47 24 9 4 1 
41452|Child_CrossABC1|1: 3518 1273 534 239 102 47 24 9 4 1 
41453|Child_Cross21|42: 3497 1273 534 239 102 47 24 9 4 1 
41455|Child_CrossABC1|1: 3527 1273 534 239 102 47 24 9 4 1 
41457|Child_CrossABC2|2: 3496 1273 534 239 102 47 24 9 4 1 
41464|Child_CrossABC1|7: 3475 1273 534 239 102 47 24 9 4 1 
41470|Child_Cross21|22: 3467 1272 530 231 97 47 24 9 4 1 
41501|Child_Cross12|29: 3231 1029 462 187 79 28 13 4 1 
41511|Child_Avg|3: 2597 897 388 164 79 28 13 4 1 
41517|Child_CrossABC1|7: 2579 911 387 164 79 28 13 4 1 
41518|Child_CrossABC2|2: 2618 962 381 164 79 28 13 4 1 
41519|Child_CrossABC1|7: 2613 958 392 164 79 28 13 4 1 
41522|Child_CrossABC2|8: 2613 958 377 164 79 28 13 4 1 
41559|Child_Avg|23: 2069 831 315 130 62 24 11 5 1 
41650|Survivor|1: 2378 712 313 127 67 23 10 4 1 
41890|Survivor|1: 3575 1191 497 237 101 56 25 9 4 1 
41936|Child_CrossABC2|2: 2689 942 310 142 67 24 9 4 1 
42199|Child_Avg|43: 2569 904 372 162 75 28 11 4 1 
42527|Child_Cross21|34: 3983 1230 529 250 111 65 24 9 4 1 
42602|Survivor|1: 3468 1095 467 221 95 59 20 9 4 1 
42662|Child_CrossABC1|7: 3651 1095 470 198 91 57 21 10 4 1 
42679|Survivor|1: 3459 1097 471 197 86 57 21 10 4 1 
42698|Child_Avg|23: 3517 1303 593 221 102 62 24 9 4 1 
42701|Child_Levy|44: 3675 1311 551 271 98 52 24 9 4 1 
42780|Child_CrossABC1|1: 3288 1212 497 248 101 48 20 9 4 1 
42782|Child_Cross12|49: 3237 1206 475 244 91 48 20 9 4 1 
42849|Survivor|1: 2657 949 401 161 76 24 9 4 1 
42914|Child_CrossABC1|7: 4577 1454 617 238 126 59 24 9 4 1 
42916|Child_CrossABC1|1: 4561 1455 603 255 123 59 24 9 4 1 
42921|Child_CrossABC2|8: 4039 1459 548 240 110 59 24 9 4 1 
42923|Child_CrossABC1|7: 4529 1455 605 264 126 59 24 9 4 1 
42924|Child_CrossABC2|8: 4740 1456 625 274 130 59 24 9 4 1 
42938|Child_CrossABC2|2: 4047 1459 515 220 108 59 24 9 4 1 
42951|Survivor|1: 3976 1411 542 224 101 49 20 7 3 1 
42955|Survivor|1: 4070 1389 532 221 93 46 20 9 4 1 
42972|Child_CrossABC2|8: 3621 1132 451 191 90 46 20 9 4 1 
43012|Child_Avg|15: 2652 788 326 148 75 27 10 4 1 
43095|Survivor|1: 3903 1432 544 241 106 63 25 11 5 1 
43105|Child_CrossABC2|8: 3619 1376 516 259 101 64 24 9 4 1 
43380|Survivor|1: 4338 1339 557 253 95 61 24 9 4 1 
43567|Child_Cross12|9: 3596 1418 527 263 107 61 24 9 4 1 
43571|Child_CrossABC2|8: 4216 1482 539 272 107 61 24 9 4 1 
43640|Child_Cross21|54: 3622 1361 501 228 89 58 24 9 4 1 
43659|Child_Cross21|58: 3639 1361 515 228 89 58 24 9 4 1 
43671|Child_Cross12|17: 3626 1361 508 228 89 58 24 9 4 1 
43672|Child_Cross12|29: 3635 1361 508 228 89 58 24 9 4 1 
43673|Child_Cross12|29: 3648 1361 508 228 89 58 24 9 4 1 
43675|Child_Cross21|6: 3637 1361 508 228 89 58 24 9 4 1 
43677|Child_Cross21|38: 3647 1363 508 228 89 58 24 9 4 1 
43685|Child_Avg|19: 3661 1361 508 228 89 58 24 9 4 1 
43694|Child_Cross21|14: 3639 1361 508 228 89 58 24 9 4 1 
43705|Child_Cross12|17: 3637 1363 508 228 89 58 24 9 4 1 
43706|Child_Cross21|46: 3645 1363 508 228 89 58 24 9 4 1 
43712|Child_Avg|43: 3528 1363 508 228 89 58 24 9 4 1 
43718|Survivor|1: 3619 1363 508 228 89 58 24 9 4 1 
43721|Child_Avg|55: 3630 1363 508 228 89 58 24 9 4 1 
43723|Child_Cross21|14: 3615 1363 508 228 89 58 24 9 4 1 
43726|Child_Cross12|1: 3597 1363 508 228 89 58 24 9 4 1 
43742|Child_Cross21|42: 3626 1363 508 228 89 58 24 9 4 1 
43744|Child_Avg|3|Mutated: 3632 1363 508 228 105 58 24 9 4 1 
43752|Child_CrossABC1|1: 3632 1363 508 228 89 58 24 9 4 1 
43768|Child_Cross21|58|Mutated: 3539 1363 508 228 89 58 24 9 4 1 
43770|Child_Avg|11: 3617 1363 508 228 89 58 24 9 4 1 
43778|Child_Cross21|38: 3639 1363 508 228 89 58 24 9 4 1 
43797|Child_Avg|43: 3624 1363 508 228 89 58 24 9 4 1 
44021|Child_LevyP1|3: 4796 1494 536 286 117 58 24 9 4 1 
44067|Survivor|1: 4762 1599 714 277 135 67 24 9 4 1 
44093|Child_Cross21|58: 5473 1604 568 252 107 61 24 9 4 1 
44131|Survivor|1: 3662 1271 491 235 102 67 24 9 4 1 
44154|Survivor|1: 4000 1261 550 235 101 52 24 9 4 1 
44183|Survivor|1: 3798 1479 539 258 117 56 25 9 4 1 
44367|Survivor|1: 2635 786 303 118 57 23 10 4 1 
44469|Survivor|1: 1983 765 277 119 58 24 9 4 1 
44528|Child_Cross21|10: 2001 781 277 119 58 24 9 4 1 
44630|Survivor|1: 5098 1727 672 254 103 56 21 10 4 1 
44634|Survivor|1: 4199 1431 507 211 98 52 20 9 4 1 
44646|Survivor|1: 3560 1223 500 257 87 54 19 10 4 1 
44649|Survivor|1: 3560 1397 547 257 94 54 19 10 4 1 
44658|Child_CrossABC1|7: 3610 1453 529 252 113 53 19 10 4 1 
44665|Child_CrossABC2|8: 3364 1214 513 231 99 53 19 10 4 1 
44673|Survivor|1: 3467 1083 527 235 99 53 19 10 4 1 
44675|Child_CrossABC2|8: 3464 1253 543 252 118 53 19 10 4 1 
44678|Child_CrossABC2|8: 3250 1298 524 222 99 53 19 10 4 1 
44690|Child_CrossABC2|8: 3317 1298 524 222 99 53 19 10 4 1 
44691|Child_CrossABC1|7: 3457 1298 524 222 99 53 19 10 4 1 
44695|Child_Avg|43: 3576 1298 524 222 99 53 19 10 4 1 
44698|Child_CrossABC1|1: 3463 1298 524 222 99 53 19 10 4 1 
44699|Child_Avg|27: 3509 1298 524 222 99 53 19 10 4 1 
44701|Child_Avg|7: 3556 1298 524 222 99 53 19 10 4 1 
44702|Child_CrossABC1|7: 3594 1298 524 222 99 53 19 10 4 1 
44703|Child_Cross21|22: 3400 1306 527 224 94 53 19 10 4 1 
44704|Child_Avg|15: 3424 1298 524 222 99 53 19 10 4 1 
44705|Child_Cross21|34: 3581 1298 524 222 99 53 19 10 4 1 
44706|Child_Cross12|37: 3462 1298 524 222 99 53 19 10 4 1 
44709|Child_CrossABC2|2: 3481 1298 524 222 99 53 19 10 4 1 
44710|Child_Avg|7: 3497 1299 517 221 97 52 19 10 4 1 
44718|Child_CrossABC2|8: 3508 1308 551 227 94 53 19 10 4 1 
44719|Child_CrossABC2|2: 3431 1306 545 219 94 51 19 10 4 1 
44732|Child_Avg|39: 3367 1310 551 228 91 51 19 10 4 1 
44749|Child_Cross21|34: 3365 1307 527 226 87 51 19 10 4 1 
44753|Child_CrossABC2|8: 3334 1334 531 226 87 51 19 10 4 1 
44812|Child_CrossABC2|8: 4208 1261 612 236 108 53 24 9 4 1 
44863|Survivor|1: 3274 1147 421 203 88 52 19 10 4 1 
45101|Survivor|1: 2629 800 310 129 59 27 10 4 1 
45185|Survivor|1: 3817 1393 665 247 121 52 24 9 4 1 
45229|Child_CrossABC1|7: 3406 1262 503 220 102 52 24 9 4 1 
45237|Child_CrossABC1|7: 3380 1258 489 233 107 52 24 9 4 1 
45303|Child_CrossABC2|2: 3922 1237 459 228 87 49 21 10 4 1 
45315|Child_CrossABC1|7: 3783 1264 468 229 86 49 21 10 4 1 
45323|Survivor|1|Mutated: 3504 1264 468 229 86 49 21 10 4 1 
45497|Child_CrossABC2|2: 3417 1310 533 205 101 47 23 10 4 1 
45519|Survivor|1: 3302 1253 470 210 82 45 21 10 4 1 
45585|Survivor|1: 3488 1249 471 208 87 45 19 10 4 1 
45719|Child_Cross21|2: 8648 5302 1270 769 266 127 59 24 9 4 1 
45788|Child_Levy|8: 3403 1048 541 222 102 49 24 9 4 1 
45801|Child_CrossABC1|7: 3465 1095 511 215 102 49 24 9 4 1 
45872|Child_Cross21|14: 4265 1619 567 241 120 56 25 9 4 1 
45896|Survivor|1: 4118 1288 563 221 117 56 25 9 4 1 
45967|Child_CrossABC1|7: 3445 1238 474 219 83 52 19 10 4 1 
46120|Survivor|1|Mutated: 3685 1312 613 247 98 58 24 9 4 1 
46161|Child_Cross21|10: 3641 1322 517 245 90 56 24 9 4 1 
46205|Survivor|1: 3522 1315 559 237 82 56 24 9 4 1 
46233|Survivor|1: 3421 1214 519 227 90 55 24 9 4 1 
46298|Survivor|1: 3514 1189 487 218 92 49 24 9 4 1 
46359|Child_CrossABC1|1: 2755 1117 479 232 108 59 24 9 4 1 
46362|Child_CrossABC1|1: 2766 1171 478 232 108 59 24 9 4 1 
46371|Survivor|1: 2765 1187 479 232 108 59 24 9 4 1 
46379|Survivor|1: 2767 1187 479 232 108 59 24 9 4 1 
46387|Child_CrossABC2|8: 2762 1125 486 242 99 59 24 9 4 1 
46475|Child_Cross12|37: 5129 1495 609 272 119 66 28 11 4 1 
46653|Survivor|1: 3506 1221 476 245 93 61 23 10 4 1 
46693|Child_Avg|59: 4108 1709 618 255 125 62 27 10 4 1 
46697|Survivor|1: 4701 1881 686 294 124 63 29 10 4 1 
46706|Child_Levy|24: 4330 1778 647 298 133 58 27 8 3 1 
46722|Child_Avg|15: 4013 1582 589 275 108 58 24 9 4 1 
46736|Child_Cross12|1: 3948 1479 575 261 105 58 24 9 4 1 
46739|Child_Cross21|30: 3825 1577 643 261 105 58 24 9 4 1 
46744|Child_CrossABC2|8: 3991 1485 575 261 105 58 24 9 4 1 
46745|Child_Cross21|54: 3917 1482 574 261 105 58 24 9 4 1 
46746|Child_CrossABC2|2: 3968 1491 575 261 105 58 24 9 4 1 
46748|Child_Cross12|33: 3890 1479 575 261 105 58 24 9 4 1 
46752|Child_Cross12|1: 3947 1485 575 261 105 58 24 9 4 1 
46753|Child_Cross21|46: 3949 1482 575 261 105 58 24 9 4 1 
46754|Child_CrossABC2|8: 3893 1485 575 261 105 58 24 9 4 1 
46755|Child_Cross12|1: 3933 1483 575 261 105 58 24 9 4 1 
46757|Child_Avg|55: 3937 1485 575 261 105 58 24 9 4 1 
46759|Child_Cross21|34: 3888 1477 575 261 105 58 24 9 4 1 
46760|Child_Cross12|1: 3935 1484 575 261 105 58 24 9 4 1 
46761|Child_Avg|43: 3934 1483 575 261 105 58 24 9 4 1 
46762|Child_Cross12|37: 3934 1484 575 261 105 58 24 9 4 1 
46763|Child_Cross12|53: 3932 1483 575 261 105 58 24 9 4 1 
46764|Child_Avg|7: 3955 1484 575 261 105 58 24 9 4 1 
46766|Child_Cross21|42: 3949 1483 575 261 105 58 24 9 4 1 
46768|Child_Avg|51: 3974 1483 575 261 105 58 24 9 4 1 
46769|Child_Cross12|53: 3945 1484 575 261 105 58 24 9 4 1 
46770|Child_Cross21|34: 3923 1484 575 261 105 58 24 9 4 1 
46771|Child_Cross12|13: 3913 1484 575 261 105 58 24 9 4 1 
46773|Child_Avg|23: 3935 1483 575 261 105 58 24 9 4 1 
46775|Child_Cross21|34: 3952 1483 575 261 105 58 24 9 4 1 
46776|Child_Cross12|17: 3953 1483 575 261 105 58 24 9 4 1 
46779|Child_Cross21|50: 3933 1484 575 261 105 58 24 9 4 1 
46783|Child_CrossABC1|7: 3936 1485 575 261 105 58 24 9 4 1 
46784|Child_CrossABC2|2: 3937 1483 575 261 105 58 24 9 4 1 
46786|Child_Cross21|10: 3950 1483 575 261 105 58 24 9 4 1 
46787|Child_Cross21|10: 3946 1484 575 261 105 58 24 9 4 1 
46788|Child_Avg|59: 3966 1483 575 261 105 58 24 9 4 1 
46790|Child_Cross21|26: 3794 1483 575 261 105 58 24 9 4 1 
46791|Child_Cross12|49: 3984 1483 575 261 105 58 24 9 4 1 
46792|Child_Cross12|17: 3987 1483 575 261 105 58 24 9 4 1 
46799|Child_Avg|19: 3931 1483 575 261 105 58 24 9 4 1 
46802|Child_CrossABC2|2: 3839 1483 575 261 105 58 24 9 4 1 
46803|Child_Avg|27: 3919 1483 575 261 105 58 24 9 4 1 
46804|Child_Cross12|45: 3916 1483 575 261 105 58 24 9 4 1 
46806|Child_Cross12|53: 3914 1483 575 261 105 58 24 9 4 1 
46813|Child_Cross21|46: 4193 1483 575 261 105 58 24 9 4 1 
46816|Child_CrossABC1|7: 3901 1484 575 261 105 58 24 9 4 1 
46818|Child_Cross12|53: 3921 1483 575 261 105 58 24 9 4 1 
46825|Child_Cross21|54: 3936 1483 575 261 105 58 24 9 4 1 
46827|Child_Cross21|50: 3917 1483 575 261 105 58 24 9 4 1 
46828|Child_CrossABC1|7: 3902 1483 575 261 105 58 24 9 4 1 
46835|Child_CrossABC2|2: 3951 1483 575 261 105 58 24 9 4 1 
46838|Child_Cross21|50: 3964 1483 575 261 105 58 24 9 4 1 
46841|Child_Avg|35: 3983 1483 575 261 105 58 24 9 4 1 
46844|Child_Cross21|50: 3898 1483 575 261 105 58 24 9 4 1 
46845|Child_Avg|43: 3948 1483 575 261 105 58 24 9 4 1 
46846|Child_Cross12|49: 3968 1483 575 261 105 58 24 9 4 1 
46850|Child_Avg|27: 3915 1483 575 261 105 58 24 9 4 1 
46855|Child_Cross21|30: 3954 1483 575 261 105 58 24 9 4 1 
46856|Child_CrossABC1|1: 3973 1483 575 261 105 58 24 9 4 1 
46861|Child_Cross21|18: 3947 1483 575 261 105 58 24 9 4 1 
46874|Child_Cross21|10: 3828 1483 575 261 105 58 24 9 4 1 
46878|Child_Cross21|10: 3937 1483 601 261 105 58 24 9 4 1 
46883|Child_Cross12|45: 4023 1483 575 261 105 58 24 9 4 1 
46890|Child_Avg|27: 3913 1483 575 261 105 58 24 9 4 1 
46932|Child_Cross12|53: 3795 1483 575 261 105 58 24 9 4 1 
46938|Child_Cross21|10: 3910 1483 575 261 105 58 24 9 4 1 
46941|Child_Cross21|14: 3922 1483 575 261 105 58 24 9 4 1 
46943|Child_Cross21|30: 3944 1483 575 261 105 58 24 9 4 1 
46944|Child_Cross21|54: 3955 1483 575 261 105 58 24 9 4 1 
46952|Child_Cross12|57: 3918 1483 575 261 105 58 24 9 4 1 
46957|Child_Cross12|25: 3912 1483 575 261 105 58 24 9 4 1 
46965|Child_Cross21|6: 3930 1483 575 261 105 58 24 9 4 1 
46966|Child_Cross12|29: 3899 1483 575 261 105 58 24 9 4 1 
46974|Child_Avg|47: 3941 1483 575 261 105 58 24 9 4 1 
46983|Child_Avg|55: 4007 1483 575 261 105 58 24 9 4 1 
46994|Child_Cross21|30: 4107 1483 575 261 105 58 24 9 4 1 
47006|Child_Cross21|58: 3970 1483 575 261 105 58 24 9 4 1 
47009|Child_Cross12|25: 4074 1483 575 261 105 58 24 9 4 1 
47024|Child_Avg|27: 3994 1483 575 261 105 58 24 9 4 1 
47026|Child_Avg|55: 3882 1483 575 261 105 58 24 9 4 1 
47031|Child_Cross21|14: 4021 1483 575 261 105 58 24 9 4 1 
47036|Child_Avg|47: 3969 1483 575 261 105 58 24 9 4 1 
47041|Child_Cross12|53: 4002 1483 575 261 105 58 24 9 4 1 
47042|Child_Cross21|18: 3967 1483 575 261 105 58 24 9 4 1 
47056|Child_Cross12|49: 4055 1483 575 261 105 58 24 9 4 1 
47062|Child_Cross21|38: 4003 1483 575 261 105 58 24 9 4 1 
47065|Child_Avg|55: 3985 1541 575 261 105 58 24 9 4 1 
47066|Child_Avg|7: 4054 1483 575 261 105 58 24 9 4 1 
47067|Child_Cross21|26: 4141 1483 575 261 105 58 24 9 4 1 
47068|Child_Cross12|37: 3986 1483 575 261 105 58 24 9 4 1 
47069|Child_Cross12|9: 4016 1483 575 261 105 58 24 9 4 1 
47070|Child_Cross21|42: 4127 1483 575 261 105 58 24 9 4 1 
47071|Child_CrossABC1|7: 4091 1483 575 261 105 58 24 9 4 1 
47072|Child_CrossABC2|2: 4039 1483 575 261 105 58 24 9 4 1 
47074|Child_Avg|27: 4017 1483 575 261 105 58 24 9 4 1 
47076|Child_Cross12|1: 4018 1483 575 261 105 58 24 9 4 1 
47077|Child_Cross21|38: 4020 1483 575 261 105 58 24 9 4 1 
47080|Child_Cross21|58: 4019 1483 575 261 105 58 24 9 4 1 
47083|Child_Avg|15: 4000 1483 575 261 105 58 24 9 4 1 
47085|Child_Avg|47: 4001 1483 575 261 105 58 24 9 4 1 
47086|Child_Avg|51: 3971 1483 575 261 105 58 24 9 4 1 
47088|Child_Cross12|41: 3985 1483 575 261 105 58 24 9 4 1 
47089|Child_Cross21|18: 3988 1483 575 261 105 58 24 9 4 1 
47102|Child_Avg|51: 3975 1483 575 261 105 58 24 9 4 1 
47103|Child_Avg|27: 4005 1483 575 261 105 58 24 9 4 1 
47106|Child_Cross21|42: 3989 1483 575 261 105 58 24 9 4 1 
47112|Child_Cross21|6: 3796 1483 575 261 105 58 24 9 4 1 
47136|Child_Cross12|29: 4004 1483 575 261 105 58 24 9 4 1 
47137|Child_Avg|3: 3998 1483 575 261 105 58 24 9 4 1 
47651|Child_CrossABC2|8: 3712 1262 540 235 101 56 24 9 4 1 
47664|Child_Levy|48: 3741 1330 533 239 105 61 24 9 4 1 
47846|Survivor|1: 2157 791 307 150 62 24 9 4 1 
47911|Child_Avg|59: 2291 699 305 132 59 24 9 4 1 
47957|Child_Cross21|18: 4824 1689 662 230 121 59 24 9 4 1 
47961|Child_Cross12|37: 4364 1613 661 244 121 59 24 9 4 1 
47962|Child_CrossABC2|2: 4540 1653 662 249 121 59 24 9 4 1 
47978|Child_Cross12|37: 3602 1201 518 233 105 55 24 9 4 1 
47982|Child_CrossABC2|8: 3719 1414 589 228 113 55 24 9 4 1 
47989|Survivor|1: 3772 1267 526 225 108 53 24 9 4 1 
47995|Child_CrossABC1|1: 3774 1274 531 225 108 53 24 9 4 1 
48001|Child_Cross21|42: 3732 1331 515 224 98 53 24 9 4 1 
48003|Survivor|1|Mutated: 3998 1331 515 224 98 53 24 9 4 1 
48007|Child_Cross21|50: 3578 1329 515 222 93 53 24 9 4 1 
48024|Survivor|1: 3491 1331 518 226 90 53 24 9 4 1 
48041|Survivor|1: 3495 1268 491 220 83 52 24 9 4 1 
48050|Child_CrossABC1|1: 3509 1270 491 220 83 52 24 9 4 1 
48061|Child_CrossABC1|1: 3512 1271 491 220 83 52 24 9 4 1 
48073|Survivor|1: 3512 1219 491 220 83 52 24 9 4 1 
48150|Survivor|1: 5065 1387 506 264 120 57 20 9 4 1 
48159|Child_Avg|7: 4851 1355 513 261 121 57 20 9 4 1 
48164|Child_Cross12|41: 4571 1286 496 245 110 57 20 9 4 1 
48202|Survivor|1: 3514 1131 435 205 91 52 20 9 4 1 
48247|Child_CrossABC1|7: 3510 1155 509 214 119 54 23 10 4 1 
48255|Survivor|1: 3668 1215 491 213 109 54 23 10 4 1 
48263|Child_Cross21|46: 3600 1036 449 223 94 54 23 10 4 1 
48308|Survivor|1: 3478 1225 486 231 83 50 19 10 4 1 
48613|Child_Cross12|57: 4674 2016 788 295 138 61 24 9 4 1 
48622|Child_Avg|7: 3811 1556 615 243 118 58 24 9 4 1 
48625|Child_Cross21|58: 3874 1695 532 259 105 61 24 9 4 1 
48640|Child_Avg|23: 3858 1561 545 260 98 61 23 10 4 1 
48645|Survivor|1: 3858 1777 545 260 98 61 23 10 4 1 
49088|Survivor|1: 2663 818 305 129 69 27 10 4 1 
49237|Survivor|1|Mutated: 3573 1268 482 210 104 49 24 9 4 1 
49335|Survivor|1: 2511 986 410 156 72 27 10 4 1 
49356|Child_CrossABC2|2: 2491 912 369 155 72 27 10 4 1 
49367|Survivor|1: 2334 785 325 132 70 24 9 4 1 
49611|Survivor|1: 2238 759 342 154 69 27 10 4 1 
49793|Survivor|1: 3618 1334 488 217 97 52 20 9 4 1 
49795|Survivor|1|Mutated: 3348 1334 488 217 97 52 24 9 4 1 
50224|Survivor|1: 4037 1729 542 260 105 54 23 10 4 1 
50225|Child_CrossABC2|2: 4037 1729 541 262 109 54 23 10 4 1 
50227|Child_CrossABC2|2: 3960 1655 588 260 105 54 23 10 4 1 
50235|Child_Avg|43: 4008 1640 545 248 106 51 23 10 4 1 
50241|Child_Cross12|29: 3926 1577 535 255 98 51 23 10 4 1 
50278|Child_Avg|47: 3660 1091 502 230 97 47 24 9 4 1 
50462|Child_CrossABC2|2: 3231 1168 499 245 107 56 24 9 4 1 
50465|Child_CrossABC1|1: 3500 1285 478 262 100 53 24 9 4 1 
50477|Survivor|1: 3377 1282 462 209 114 56 24 9 4 1 
50483|Survivor|1: 3323 1249 460 252 89 55 24 9 4 1 
50522|Survivor|1: 3916 1167 480 235 89 55 24 9 4 1 
50703|Child_Avg|59: 2508 772 365 132 67 24 9 4 1 
50704|Child_Avg|19: 2686 831 359 132 67 24 9 4 1 
50707|Child_CrossABC1|1: 2609 909 337 137 67 24 9 4 1 
50737|Child_Cross21|14: 2493 673 280 119 57 23 10 4 1 
50755|Survivor|1: 2497 807 279 118 57 23 10 4 1 
50982|Survivor|1: 2588 817 335 155 75 27 10 4 1 
51385|Survivor|1: 3400 1227 503 210 89 55 24 9 4 1 
51463|Child_Avg|31: 3360 1100 438 180 83 27 10 4 1 
51498|Survivor|1: 5809 1472 675 289 141 62 29 10 4 1 
51511|Survivor|1: 5938 1393 627 323 155 61 29 10 4 1 
51659|Child_Avg|15: 2728 877 322 153 66 27 10 4 1 
51666|Child_Avg|27: 2721 877 312 155 66 27 10 4 1 
51692|Survivor|1: 2365 877 312 155 66 27 10 4 1 
51714|Child_Avg|27: 2595 1036 379 159 68 24 9 4 1 
