10|Child_Cross21|42: 5375 2404 885 314 158 72 27 10 4 1 
13|Child_Avg|3: 3922 1680 716 289 127 67 24 9 4 1 
15|Child_CrossABC2|8: 3893 1734 730 283 126 67 24 9 4 1 
17|Child_Avg|51: 3813 1460 653 263 123 67 24 9 4 1 
19|Child_Avg|51: 3293 1398 586 246 127 65 24 9 4 1 
26|Survivor|1: 4019 1525 626 261 113 67 24 9 4 1 
172|Survivor|1: 2440 871 337 138 64 30 11 5 1 
178|Survivor|1: 3019 1135 339 158 58 24 9 4 1 
190|Child_Cross12|25|Mutated: 3543 1053 538 238 106 55 23 10 4 1 
217|Survivor|1: 3758 1126 501 209 95 58 24 9 4 1 
236|Child_Avg|39: 3758 1126 494 209 101 58 24 9 4 1 
424|Child_CrossABC2|2: 3607 1453 584 248 108 65 24 9 4 1 
434|Survivor|1: 4034 1585 571 227 102 65 24 9 4 1 
778|Child_Avg|7: 2557 863 341 140 68 29 9 4 1 
923|Child_Cross21|18: 3801 1681 605 236 105 58 24 9 4 1 
935|Child_CrossABC1|7: 4010 1565 591 252 123 62 24 9 4 1 
942|Survivor|1|Mutated: 3341 1622 591 252 123 62 24 9 4 1 
1089|Survivor|1: 2758 959 368 174 63 27 10 4 1 
1119|Survivor|1: 3476 1273 495 193 111 59 24 9 4 1 
1150|Survivor|1: 3299 1186 473 194 99 59 24 9 4 1 
1416|Survivor|1: 2709 991 413 153 71 29 10 4 1 
1419|Child_CrossABC1|7: 2642 799 363 153 71 29 10 4 1 
1423|Child_Cross12|41: 2550 933 375 143 70 29 9 4 1 
1433|Survivor|1: 2433 888 348 137 70 29 9 4 1 
1558|Survivor|1: 3988 1249 657 257 108 58 24 9 4 1 
1577|Survivor|1: 3696 1147 590 244 97 54 19 10 4 1 
1581|Child_Cross12|45: 3678 1243 548 244 96 54 19 10 4 1 
1582|Child_CrossABC1|1: 3685 1251 561 242 97 51 19 10 4 1 
1590|Survivor|1: 3696 1241 566 241 97 51 19 10 4 1 
1592|Child_Cross21|34: 3546 1173 550 227 93 53 19 10 4 1 
1594|Child_CrossABC1|1: 3597 1180 538 225 93 51 19 10 4 1 
1620|Child_CrossABC1|7: 3491 1203 540 230 82 51 19 10 4 1 
1651|Survivor|1: 3500 1227 521 212 86 60 21 10 4 1 
1787|Survivor|1: 2514 871 359 150 70 29 9 4 1 
1846|Survivor|1: 2622 908 330 139 70 27 10 4 1 
1912|Child_Cross21|42: 3586 1283 597 237 105 55 24 9 4 1 
1917|Child_CrossABC1|1: 3629 1248 613 209 95 55 24 9 4 1 
1957|Survivor|1: 3218 1368 547 224 105 50 24 9 4 1 
2038|Child_Cross21|54: 7636 3161 867 383 154 67 23 10 4 1 
2051|Child_CrossABC1|1: 5515 2149 690 286 137 64 23 10 4 1 
2059|Survivor|1: 4000 1446 531 216 119 58 24 9 4 1 
2064|Child_Avg|51: 3665 1424 509 222 110 58 23 10 4 1 
2077|Child_Cross12|53: 3551 1239 487 197 97 56 21 10 4 1 
2082|Survivor|1: 3602 1244 487 197 97 56 21 10 4 1 
2085|Child_CrossABC2|2: 3603 1244 487 197 97 56 21 10 4 1 
2100|Child_Levy|20: 3606 1226 499 203 104 53 19 10 4 1 
2119|Child_CrossABC1|1: 3664 1203 494 211 107 49 21 10 4 1 
2142|Survivor|1: 3547 1320 523 233 93 59 20 9 4 1 
2188|Survivor|1: 3584 1357 509 242 103 58 21 10 4 1 
2191|Survivor|1: 3523 1330 524 208 101 56 21 10 4 1 
2204|Child_Avg|27: 3263 1317 547 209 103 55 21 10 4 1 
2346|Child_Cross12|25: 3313 1285 539 240 97 47 21 10 4 1 
2360|Survivor|1: 3493 1321 553 236 89 46 21 10 4 1 
2466|Child_Cross21|54: 3129 1402 538 256 101 56 21 10 4 1 
2803|Child_Cross12|5|Mutated: 3807 1173 524 241 126 55 23 10 4 1 
2808|Child_Cross21|22: 3601 1192 495 226 105 55 24 9 4 1 
2813|Survivor|1: 3535 1140 464 237 99 55 24 9 4 1 
3346|Survivor|1: 3307 1172 497 208 83 48 20 9 4 1 
3400|Survivor|1: 3519 1220 503 194 109 52 20 9 4 1 
3639|Survivor|1: 4220 1304 558 246 105 56 25 9 4 1 
3646|Child_Avg|47: 4220 1304 558 246 105 56 24 9 4 1 
3660|Child_CrossABC2|2: 4221 1305 559 246 105 56 24 9 4 1 
3661|Child_Cross12|9: 4256 1304 558 246 105 56 24 9 4 1 
3663|Child_CrossABC1|7: 4203 1304 558 246 105 56 24 9 4 1 
3668|Child_CrossABC2|8: 4239 1304 558 246 105 56 24 9 4 1 
3671|Child_Avg|59: 4242 1304 558 246 105 56 24 9 4 1 
3673|Child_Cross12|53: 4242 1304 558 246 105 52 24 9 4 1 
3674|Child_Cross12|13: 4240 1304 558 246 105 56 24 9 4 1 
3677|Child_Cross12|25|Mutated: 4181 1304 558 246 105 52 24 9 4 1 
3678|Child_CrossABC2|8: 4228 1304 558 246 105 52 24 9 4 1 
3679|Child_CrossABC1|1: 4220 1304 558 246 105 52 24 9 4 1 
3680|Child_Cross12|17: 4204 1304 558 246 105 52 24 9 4 1 
3682|Child_Cross21|18: 4231 1304 558 246 105 52 24 9 4 1 
3684|Child_Cross21|50: 4236 1304 558 246 105 53 24 9 4 1 
3687|Child_Avg|7: 4223 1304 558 246 105 52 24 9 4 1 
3688|Child_Avg|39: 4229 1304 558 246 105 52 24 9 4 1 
3689|Child_Avg|55: 4077 1304 558 246 105 52 24 9 4 1 
3690|Child_Cross12|21: 4237 1304 558 246 105 52 24 9 4 1 
3692|Child_Cross12|45: 4212 1304 558 246 105 52 24 9 4 1 
3693|Child_Avg|15: 4234 1304 558 246 105 52 24 9 4 1 
3694|Child_CrossABC1|1: 4209 1304 558 246 105 52 24 9 4 1 
3695|Child_Cross21|14: 4239 1304 558 246 105 52 24 9 4 1 
3696|Child_Cross21|42: 4074 1304 558 246 105 52 24 9 4 1 
3699|Child_Cross12|49: 4192 1304 558 246 105 52 24 9 4 1 
3700|Child_Cross21|30: 4151 1304 558 246 105 52 24 9 4 1 
3702|Child_Avg|35: 4134 1304 558 246 105 52 24 9 4 1 
3704|Child_Cross12|45: 4088 1304 558 246 105 52 24 9 4 1 
3705|Child_Cross12|29: 4096 1304 558 246 105 52 24 9 4 1 
3706|Child_Cross12|49: 4184 1304 558 246 105 52 24 9 4 1 
3708|Child_Cross12|29: 4193 1304 558 246 105 52 24 9 4 1 
3709|Child_Cross12|49: 4109 1304 558 246 105 52 24 9 4 1 
3710|Child_Cross12|57: 4112 1304 558 247 105 52 24 9 4 1 
3712|Child_Cross21|54: 4162 1304 558 246 105 52 24 9 4 1 
3714|Child_CrossABC1|1: 4201 1304 558 246 105 52 24 9 4 1 
3716|Child_Avg|19: 4200 1304 558 246 105 52 24 9 4 1 
3719|Child_Cross12|33: 4148 1304 558 246 105 52 24 9 4 1 
3721|Child_Avg|23: 4131 1304 558 246 105 52 24 9 4 1 
3722|Child_Cross12|41: 4173 1304 558 246 105 52 24 9 4 1 
3723|Child_Cross21|42: 4126 1304 558 246 105 52 24 9 4 1 
3726|Child_Cross12|41: 4145 1304 558 246 105 52 24 9 4 1 
3728|Child_Cross21|58: 4170 1304 558 246 105 52 24 9 4 1 
3729|Child_Cross21|6: 4217 1304 558 246 105 52 24 9 4 1 
3730|Child_Cross12|25: 4181 1478 558 246 105 52 24 9 4 1 
3731|Child_Cross21|14: 4165 1304 558 246 105 52 24 9 4 1 
3735|Child_Cross21|18: 4159 1304 558 246 105 52 24 9 4 1 
3742|Child_Cross12|53: 4159 1316 558 246 105 52 24 9 4 1 
3743|Child_Cross21|58: 4154 1304 558 246 105 52 24 9 4 1 
3745|Child_Cross21|38: 4162 1460 558 246 105 52 24 9 4 1 
3746|Child_Cross12|57: 4176 1304 558 246 105 52 24 9 4 1 
3748|Child_CrossABC2|2: 4159 1460 558 246 105 52 24 9 4 1 
3754|Child_CrossABC2|8: 4156 1460 558 246 105 52 24 9 4 1 
3759|Child_Cross21|2: 4158 1460 558 246 105 52 24 9 4 1 
3763|Child_Avg|15: 4155 1460 558 246 105 52 24 9 4 1 
3764|Child_Avg|31: 4090 1460 558 246 105 52 24 9 4 1 
3765|Child_Cross12|53: 4021 1460 558 246 105 52 24 9 4 1 
3766|Child_Cross12|57: 4160 1460 558 246 105 52 24 9 4 1 
3767|Child_CrossABC2|2: 4153 1460 558 246 105 52 24 9 4 1 
3769|Child_Cross12|33: 4157 1460 558 246 105 52 24 9 4 1 
3770|Child_Cross21|34: 4123 1460 558 246 105 52 24 9 4 1 
3773|Child_Avg|23: 4122 1460 558 246 105 52 24 9 4 1 
3775|Child_CrossABC2|2: 3883 1460 558 246 105 52 24 9 4 1 
3777|Child_Cross12|29: 3978 1460 558 246 105 52 24 9 4 1 
3779|Child_Avg|43: 4051 1460 558 246 105 52 24 9 4 1 
3780|Child_Cross12|41: 4169 1460 558 246 105 52 24 9 4 1 
3783|Child_Cross12|13: 4096 1460 558 246 105 52 24 9 4 1 
3784|Child_Cross21|30: 4054 1460 558 246 105 52 24 9 4 1 
3787|Child_CrossABC2|2: 4057 1460 558 246 105 52 24 9 4 1 
3788|Child_Avg|47: 4041 1460 558 246 105 52 24 9 4 1 
3789|Child_Cross12|21: 3953 1460 558 246 105 52 24 9 4 1 
3791|Child_Cross12|53: 4019 1460 558 246 105 52 24 9 4 1 
3793|Child_Cross12|13: 4080 1460 558 246 105 52 24 9 4 1 
3794|Child_Avg|31: 4011 1460 558 246 105 52 24 9 4 1 
3799|Child_Cross12|49: 3882 1460 558 246 105 52 24 9 4 1 
3806|Child_Cross21|30: 4048 1460 558 246 105 52 24 9 4 1 
3807|Child_CrossABC2|8: 4049 1460 558 246 105 52 24 9 4 1 
3809|Child_Cross12|1: 4041 1460 575 246 105 52 24 9 4 1 
3812|Child_Avg|47: 4060 1460 558 246 105 52 24 9 4 1 
3814|Child_Avg|43: 4030 1460 558 246 105 52 24 9 4 1 
3815|Child_CrossABC1|7: 4005 1460 558 246 105 52 24 9 4 1 
3818|Child_Cross12|5: 4017 1460 558 246 105 52 24 9 4 1 
3819|Child_Cross12|45: 4031 1460 558 246 105 52 24 9 4 1 
3821|Child_Cross21|34: 4044 1460 558 246 105 52 24 9 4 1 
3823|Child_Cross21|54: 4047 1460 558 246 105 52 24 9 4 1 
3824|Child_Cross21|6: 4064 1460 558 246 105 52 24 9 4 1 
3827|Child_Avg|43: 4056 1460 558 246 105 52 24 9 4 1 
3829|Child_Avg|19: 4053 1460 558 246 105 52 24 9 4 1 
3832|Child_Avg|55: 4018 1460 558 246 105 52 24 9 4 1 
3836|Child_Cross21|18|Mutated: 4115 1460 558 246 105 52 24 9 4 1 
3840|Child_Cross12|53: 3983 1460 558 246 105 52 24 9 4 1 
3841|Child_CrossABC1|7: 3982 1460 558 246 105 52 24 9 4 1 
3842|Child_Avg|7: 4074 1460 558 246 105 52 24 9 4 1 
3843|Child_Avg|23: 4014 1460 558 246 105 52 24 9 4 1 
3845|Child_Cross12|21: 4093 1460 558 246 105 52 24 9 4 1 
3846|Child_Avg|35: 4015 1460 558 246 105 52 24 9 4 1 
3847|Child_Cross12|21: 4106 1460 558 246 105 52 24 9 4 1 
3849|Child_Cross21|14: 4078 1460 558 246 105 52 24 9 4 1 
3851|Child_Avg|3: 4099 1460 558 246 105 52 24 9 4 1 
3852|Child_Cross21|6: 4089 1460 558 246 105 52 24 9 4 1 
3854|Child_Cross12|45: 4094 1460 558 246 105 52 24 9 4 1 
3858|Child_Cross12|53: 4087 1460 558 246 105 52 24 9 4 1 
3864|Child_Avg|19: 4084 1460 558 246 105 52 24 9 4 1 
3868|Child_Avg|35: 4063 1460 558 246 105 52 24 9 4 1 
3869|Child_Cross21|18: 4077 1460 558 246 105 52 24 9 4 1 
3877|Child_Cross21|30: 4071 1460 558 246 105 52 24 9 4 1 
3880|Child_Avg|39: 4042 1460 558 246 105 52 24 9 4 1 
3881|Child_Cross12|13: 4058 1460 558 246 105 52 24 9 4 1 
3885|Child_Cross12|9: 4050 1460 558 246 105 52 24 9 4 1 
3889|Child_Avg|23: 4067 1460 558 246 105 52 24 9 4 1 
3892|Child_Cross21|54: 4055 1460 558 246 105 52 24 9 4 1 
3896|Child_Cross12|41: 4054 1460 558 246 105 53 24 9 4 1 
3897|Child_Cross21|18: 4057 1460 558 246 105 53 24 9 4 1 
3898|Child_Cross12|21: 4067 1460 558 246 105 53 24 9 4 1 
3899|Child_Cross21|30: 4060 1460 558 246 105 53 24 9 4 1 
3902|Child_CrossABC2|2: 3987 1460 558 246 105 52 24 9 4 1 
3906|Child_Cross21|10: 4130 1460 558 246 105 52 24 9 4 1 
3907|Child_Cross12|13: 4037 1460 558 246 105 52 24 9 4 1 
3913|Child_Cross12|37: 4126 1460 558 246 105 52 24 9 4 1 
3915|Child_Cross21|58: 4083 1460 558 246 105 52 24 9 4 1 
3917|Child_Avg|47: 4059 1460 558 246 105 52 24 9 4 1 
3924|Child_CrossABC1|7: 4085 1460 558 246 105 52 24 9 4 1 
3931|Child_Cross12|21: 4008 1460 558 246 105 52 24 9 4 1 
3947|Child_Cross21|10: 3985 1460 558 246 105 52 24 9 4 1 
3961|Child_Cross12|41: 4009 1460 558 246 105 52 24 9 4 1 
3962|Child_Cross12|53: 4012 1460 558 246 105 52 24 9 4 1 
3965|Child_Cross21|18: 4010 1460 558 246 105 52 24 9 4 1 
3973|Child_Cross12|21: 4028 1460 558 246 105 52 24 9 4 1 
3983|Child_Avg|31: 4046 1460 558 246 105 52 24 9 4 1 
3991|Child_Cross12|25: 4024 1460 558 246 105 52 24 9 4 1 
3995|Child_Avg|23: 4018 1460 583 246 105 52 24 9 4 1 
4011|Child_Cross21|34: 3630 1460 558 246 105 52 24 9 4 1 
4021|Child_Avg|3: 4013 1420 558 246 105 52 24 9 4 1 
4028|Child_Cross21|50: 3841 1460 558 246 105 52 24 9 4 1 
4032|Child_Cross21|14: 3877 1460 558 246 105 52 24 9 4 1 
4035|Child_Cross12|1: 3907 1460 558 246 105 52 24 9 4 1 
4036|Child_Cross21|54: 3984 1460 558 246 105 52 24 9 4 1 
4039|Child_Cross12|53: 3893 1460 558 246 105 52 24 9 4 1 
4045|Child_Cross12|53: 3919 1460 558 246 105 52 24 9 4 1 
4046|Child_Cross12|33: 3851 1460 558 246 105 52 24 9 4 1 
4048|Child_Cross12|25: 3949 1460 558 246 105 52 24 9 4 1 
4049|Child_Cross21|58: 3909 1460 558 246 105 52 24 9 4 1 
4050|Child_Cross12|25: 3959 1460 558 246 105 52 24 9 4 1 
4051|Child_Cross12|37: 3930 1460 558 246 105 52 24 9 4 1 
4052|Child_Cross12|29: 3903 1460 558 246 105 52 24 9 4 1 
4055|Child_CrossABC2|2: 3879 1460 558 246 105 52 24 9 4 1 
4056|Child_Cross21|26: 3948 1460 558 246 105 52 24 9 4 1 
4057|Child_Avg|31: 3878 1460 558 246 105 52 24 9 4 1 
4058|Child_CrossABC1|7: 3884 1460 558 246 105 52 24 9 4 1 
4061|Child_Avg|23: 3911 1460 558 246 105 52 24 9 4 1 
4062|Child_Cross12|25: 3912 1460 558 246 105 52 24 9 4 1 
4065|Child_Cross12|13: 3916 1460 558 246 105 52 24 9 4 1 
4066|Child_Avg|55: 3908 1460 558 246 105 52 24 9 4 1 
4074|Child_Cross12|21: 3912 1460 558 246 105 53 24 9 4 1 
4077|Child_Cross12|25: 3914 1460 558 246 105 52 24 9 4 1 
4079|Child_Avg|31: 3913 1460 558 246 105 52 24 9 4 1 
4085|Child_Cross21|46: 3915 1460 558 246 105 52 24 9 4 1 
4092|Child_Cross21|22: 3713 1460 558 246 105 52 24 9 4 1 
4093|Child_Cross12|21: 3913 1460 558 246 105 53 24 9 4 1 
4094|Child_Avg|39: 3912 1459 558 246 105 52 24 9 4 1 
4106|Child_Cross12|37: 3912 1459 558 246 105 53 24 9 4 1 
4107|Child_Cross21|58: 3914 1459 558 246 105 52 24 9 4 1 
4114|Child_Cross12|21: 3875 1459 558 246 105 52 24 9 4 1 
4115|Child_CrossABC1|1: 3845 1459 558 246 105 52 24 9 4 1 
4116|Child_Cross12|17: 3908 1459 558 246 105 52 24 9 4 1 
4118|Child_Cross12|37: 3878 1459 558 246 105 53 24 9 4 1 
4120|Child_CrossABC2|8: 3895 1459 558 246 105 53 24 9 4 1 
4121|Child_Cross21|38: 3892 1459 558 246 105 53 24 9 4 1 
4122|Child_Cross21|6: 3874 1459 558 246 105 53 24 9 4 1 
4123|Child_CrossABC2|8: 3848 1459 558 246 105 53 24 9 4 1 
4124|Child_Cross21|54: 3884 1459 558 246 105 53 24 9 4 1 
4125|Child_Cross21|46: 3873 1459 558 246 105 53 24 9 4 1 
4126|Child_Avg|19: 3897 1459 558 246 105 52 24 9 4 1 
4130|Child_Cross21|30: 3904 1459 558 246 105 53 24 9 4 1 
4133|Child_Cross21|54: 3900 1459 558 246 105 52 24 9 4 1 
4135|Child_Cross12|33: 3903 1459 558 246 105 52 24 9 4 1 
4138|Child_Cross21|58: 3917 1459 558 246 105 52 24 9 4 1 
4140|Child_Cross21|2: 3887 1459 558 246 105 53 24 9 4 1 
4141|Child_Cross12|33: 3904 1459 558 246 105 52 24 9 4 1 
4148|Child_Cross21|14: 3895 1459 558 246 105 52 24 9 4 1 
4150|Child_Avg|27: 3899 1475 558 246 105 52 24 9 4 1 
4151|Child_Cross21|58: 3901 1475 558 246 105 52 24 9 4 1 
4153|Child_Avg|55: 4130 1459 558 246 105 52 24 9 4 1 
4155|Child_Cross21|58: 3898 1477 558 246 105 52 24 9 4 1 
4156|Child_Cross12|57: 4121 1459 558 246 105 52 24 9 4 1 
4157|Child_Cross21|58: 3882 1459 558 246 105 52 24 9 4 1 
4158|Child_Cross12|49: 3953 1459 558 246 105 52 24 9 4 1 
4160|Child_Cross21|50: 3925 1459 558 246 105 53 24 9 4 1 
4161|Child_Cross21|18: 3900 1472 558 246 105 52 24 9 4 1 
4163|Child_Cross12|13: 3937 1472 558 246 105 52 24 9 4 1 
4164|Child_Cross12|45: 3900 1457 558 246 105 52 24 9 4 1 
4165|Child_Cross21|58: 4016 1459 558 246 105 52 24 9 4 1 
4168|Child_Cross21|38: 3905 1459 558 246 105 52 24 9 4 1 
4171|Child_Cross21|46: 4099 1459 558 246 105 52 24 9 4 1 
4174|Child_Avg|47: 3997 1459 558 246 105 52 24 9 4 1 
4176|Child_Cross21|14: 4024 1459 558 246 105 52 24 9 4 1 
4177|Child_Cross12|5: 3944 1459 558 246 105 52 24 9 4 1 
4178|Child_Cross12|41: 4014 1459 558 246 105 52 24 9 4 1 
4179|Child_Cross12|25: 3955 1459 558 246 105 52 24 9 4 1 
4182|Child_Cross21|54: 3980 1459 558 246 105 52 24 9 4 1 
4184|Child_Cross12|13: 4022 1459 558 246 105 52 24 9 4 1 
4186|Child_Cross21|14: 3958 1459 558 246 105 52 24 9 4 1 
4187|Child_Cross12|57: 4019 1459 558 246 105 52 24 9 4 1 
4188|Child_Avg|27: 3994 1459 558 246 105 52 24 9 4 1 
4189|Child_Cross12|9: 4044 1459 558 246 105 52 24 9 4 1 
4190|Child_Cross12|53: 4008 1459 558 246 105 52 24 9 4 1 
4191|Child_Cross12|1: 3848 1459 558 246 105 52 24 9 4 1 
4195|Child_Cross12|53: 3978 1459 558 246 105 52 24 9 4 1 
4196|Child_Cross12|57: 3948 1459 558 246 105 52 24 9 4 1 
4197|Child_Cross21|30: 3983 1459 558 246 105 52 24 9 4 1 
4199|Child_Cross12|49: 4041 1459 558 246 105 52 24 9 4 1 
4203|Child_Cross12|25: 4011 1459 627 246 105 52 24 9 4 1 
4204|Child_Cross12|13: 3988 1459 558 246 105 52 24 9 4 1 
4205|Child_Cross21|34: 4000 1459 558 246 105 52 24 9 4 1 
4206|Child_Cross21|42: 3986 1459 558 246 105 52 24 9 4 1 
4207|Child_Cross12|29: 3997 1459 575 246 105 52 24 9 4 1 
4211|Child_Cross12|57: 4002 1459 558 246 105 52 24 9 4 1 
4212|Child_Cross12|37: 3989 1459 575 246 105 52 24 9 4 1 
4213|Child_Cross12|29: 3993 1459 558 246 105 52 24 9 4 1 
4215|Child_Cross12|9: 4015 1459 558 246 105 52 24 9 4 1 
4217|Child_Avg|59: 4010 1459 558 246 105 52 24 9 4 1 
4228|Child_Cross21|6: 4009 1459 558 246 105 52 24 9 4 1 
4233|Child_Cross12|45: 3993 1459 575 246 105 52 24 9 4 1 
4235|Child_Cross21|50: 3992 1459 575 246 105 52 24 9 4 1 
4238|Child_Avg|47: 3994 1459 575 246 105 52 24 9 4 1 
4239|Child_Cross12|1: 3594 1459 575 246 105 52 24 9 4 1 
4243|Child_Cross21|10: 4030 1459 575 246 105 52 24 9 4 1 
4244|Child_Cross12|17: 3892 1459 575 246 105 52 24 9 4 1 
4245|Child_Cross21|38: 3893 1459 575 246 105 52 24 9 4 1 
4246|Child_Avg|31: 4055 1459 575 246 105 52 24 9 4 1 
4247|Child_Cross12|17: 3903 1459 575 246 105 52 24 9 4 1 
4249|Child_Avg|23: 3940 1459 575 246 105 52 24 9 4 1 
4250|Child_Avg|15: 3995 1459 575 246 105 52 24 9 4 1 
4253|Child_Avg|51: 3939 1459 575 246 105 52 24 9 4 1 
4255|Child_Cross21|50: 3935 1459 575 246 105 52 24 9 4 1 
4256|Child_Cross21|58: 3934 1459 575 246 105 52 24 9 4 1 
4257|Child_Cross21|58: 3856 1459 575 246 105 52 24 9 4 1 
4260|Child_Cross21|14: 3982 1459 575 246 105 52 24 9 4 1 
4262|Child_Avg|3: 3917 1459 575 246 105 52 24 9 4 1 
4263|Child_Cross21|14: 3897 1459 575 246 105 52 24 9 4 1 
4264|Child_Cross21|14: 3967 1459 575 246 105 52 24 9 4 1 
4265|Child_Avg|47: 3951 1459 575 246 105 52 24 9 4 1 
4266|Child_CrossABC2|2: 3920 1459 575 246 105 52 24 9 4 1 
4268|Child_Avg|31: 3950 1459 575 246 105 52 24 9 4 1 
4269|Child_Avg|43: 3942 1459 575 246 117 52 24 9 4 1 
4277|Child_Avg|59: 4038 1459 575 246 105 52 24 9 4 1 
4278|Child_Cross12|5: 3953 1459 575 246 105 52 24 9 4 1 
4280|Child_Avg|27: 3956 1459 575 246 105 52 24 9 4 1 
4283|Child_Cross12|29: 3998 1459 575 246 105 52 24 9 4 1 
4284|Child_Cross12|1: 3946 1459 575 246 105 52 24 9 4 1 
4286|Child_Cross12|13: 3961 1459 575 246 105 52 24 9 4 1 
4290|Child_Avg|15: 3978 1459 575 246 105 52 24 9 4 1 
4303|Child_Cross21|18: 3962 1459 575 246 105 52 24 9 4 1 
4304|Child_Cross12|57: 3966 1459 575 246 105 52 24 9 4 1 
4305|Child_Cross12|57|Mutated: 3958 1459 575 246 117 52 24 9 4 1 
4326|Child_Cross21|22: 3898 1459 575 246 105 52 24 9 4 1 
4329|Child_Avg|59: 3933 1459 575 246 105 52 24 9 4 1 
4330|Child_Cross21|38: 3924 1459 575 246 105 52 24 9 4 1 
4336|Child_Avg|19: 3918 1459 575 246 105 52 24 9 4 1 
4338|Child_Cross21|58: 3906 1459 575 246 105 52 24 9 4 1 
4339|Child_Cross12|33: 3919 1459 575 246 105 52 24 9 4 1 
4345|Child_Cross12|5: 3923 1459 575 246 105 52 24 9 4 1 
4347|Child_Avg|15: 3910 1459 575 246 105 52 24 9 4 1 
4348|Child_CrossABC1|1: 3912 1459 575 246 105 52 24 9 4 1 
4350|Child_Cross21|46: 3909 1459 575 246 105 52 24 9 4 1 
4352|Child_Cross21|6: 3915 1459 575 246 105 52 24 9 4 1 
4362|Child_Cross12|57: 3622 1459 575 246 105 52 24 9 4 1 
4363|Child_Cross12|29: 3638 1459 575 246 105 52 24 9 4 1 
4365|Child_Avg|43: 4020 1459 575 246 105 52 24 9 4 1 
4368|Child_Avg|55: 3931 1459 575 246 105 52 24 9 4 1 
4371|Child_Cross21|50: 3840 1459 575 246 105 52 24 9 4 1 
4374|Child_Cross21|22: 3937 1459 575 246 105 52 24 9 4 1 
4384|Child_Cross21|50|Mutated: 3809 1459 575 246 117 52 24 9 4 1 
4385|Child_Cross12|45: 3930 1459 575 246 105 52 24 9 4 1 
4388|Child_Cross21|42: 3908 1459 575 246 105 52 24 9 4 1 
4397|Child_Cross21|46: 3904 1459 575 246 105 52 24 9 4 1 
4412|Child_CrossABC2|2: 3914 1459 575 246 105 52 24 9 4 1 
4418|Child_Avg|15: 3926 1459 575 246 105 52 24 9 4 1 
4434|Child_CrossABC1|7: 3881 1459 575 246 105 52 24 9 4 1 
4440|Child_Cross12|49: 3851 1459 575 246 105 52 24 9 4 1 
4446|Child_Cross12|29: 3883 1459 575 246 105 52 24 9 4 1 
4448|Child_Cross12|41: 3877 1459 575 246 105 52 24 9 4 1 
4451|Child_Cross21|2: 3884 1459 575 246 105 52 24 9 4 1 
4452|Child_Cross12|5: 3889 1459 575 246 105 52 24 9 4 1 
4456|Child_Cross12|49: 3715 1459 575 246 105 52 24 9 4 1 
4458|Child_Avg|27: 3887 1459 575 246 105 52 24 9 4 1 
4460|Child_Cross12|13: 3846 1459 575 246 105 52 24 9 4 1 
4462|Child_Avg|39: 3901 1459 575 246 105 52 24 9 4 1 
4465|Child_Avg|7: 3868 1459 575 246 105 52 24 9 4 1 
4469|Child_Cross21|18: 3873 1459 575 246 105 52 24 9 4 1 
4470|Child_Avg|7|Mutated: 3608 1459 575 246 105 52 24 9 4 1 
4474|Child_Avg|19: 3888 1459 575 246 105 52 24 9 4 1 
4475|Child_Cross21|18: 3895 1459 575 246 105 52 24 9 4 1 
4487|Child_CrossABC1|7|Mutated: 3890 1459 575 246 105 52 24 9 4 1 
4555|Child_Cross21|42: 5088 1895 785 277 114 59 24 9 4 1 
4556|Child_CrossABC1|7: 5138 1495 641 315 132 58 24 9 4 1 
4560|Child_CrossABC1|7: 4706 1435 624 307 129 55 24 9 4 1 
4561|Survivor|1|Mutated: 4706 1522 624 307 129 55 24 9 4 1 
4564|Child_Levy|12: 4746 1507 630 267 133 54 23 10 4 1 
4818|Child_Cross12|21: 5794 1530 579 290 129 57 23 10 4 1 
4822|Child_Cross21|58: 5540 1585 573 287 122 57 23 10 4 1 
4830|Child_Cross12|41: 3523 1188 526 256 110 57 23 10 4 1 
4831|Child_CrossABC1|7: 3436 1230 517 298 112 57 23 10 4 1 
4835|Child_CrossABC1|7: 3562 1303 530 266 109 57 23 10 4 1 
4836|Child_CrossABC1|7: 3591 1233 495 237 109 57 23 10 4 1 
4844|Child_CrossABC2|2: 3595 1236 526 225 120 57 23 10 4 1 
4849|Child_Cross12|1: 3593 1228 503 229 101 57 23 10 4 1 
4856|Survivor|1: 3568 1285 506 232 98 61 23 10 4 1 
4901|Survivor|1: 4037 1531 621 245 129 53 27 10 4 1 
4929|Survivor|1: 3285 1332 518 224 93 52 24 9 4 1 
4988|Survivor|1: 3397 1280 475 216 83 55 24 9 4 1 
5114|Child_CrossABC2|2: 3320 1459 538 215 90 57 21 10 4 1 
5127|Survivor|1: 3402 1449 523 216 83 57 20 9 4 1 
5150|Child_LevyABC2|6: 3853 1071 498 239 101 48 20 9 4 1 
5165|Child_Cross21|50: 3657 1131 481 224 91 48 20 9 4 1 
5182|Survivor|1|Mutated: 3888 1131 481 224 91 48 20 9 4 1 
5191|Survivor|1: 3679 1122 487 210 96 46 20 9 4 1 
5206|Child_Avg|55: 3366 1050 492 206 87 43 20 9 4 1 
5209|Child_Avg|23: 3428 1090 492 206 101 43 20 9 4 1 
5369|Survivor|1: 4106 1859 752 307 151 60 28 11 4 1 
5377|Survivor|1|Mutated: 4002 1832 815 308 157 66 27 10 4 1 
5391|Child_Cross12|57: 3021 1275 518 262 109 57 23 10 4 1 
5397|Survivor|1: 3012 1307 571 246 99 57 23 10 4 1 
5416|Child_CrossABC2|2: 3287 1377 528 229 95 57 23 10 4 1 
5422|Survivor|1: 3162 1261 571 228 93 55 23 10 4 1 
5429|Survivor|1: 3311 1538 542 263 91 57 21 10 4 1 
5437|Survivor|1: 3308 1526 536 253 91 57 21 10 4 1 
5440|Survivor|1: 3347 1552 540 254 92 55 21 10 4 1 
5486|Child_LevyP1|9: 3549 1424 527 244 97 52 24 9 4 1 
5608|Survivor|1: 3779 1288 502 223 90 55 24 9 4 1 
5689|Child_Cross21|26: 6715 2117 824 345 130 68 24 9 4 1 
5700|Child_Cross12|37: 6213 1894 772 317 121 68 24 9 4 1 
5721|Survivor|1|Mutated: 6213 1894 772 317 131 68 24 9 4 1 
5726|Survivor|1: 6285 1824 778 305 130 67 24 11 5 1 
5854|Child_Cross12|25: 3861 1152 493 220 94 59 20 9 4 1 
6043|Survivor|1: 4061 1265 467 196 87 47 21 10 4 1 
6208|Child_Avg|55: 3878 1500 534 229 113 46 26 9 4 1 
6334|Survivor|1: 3645 1049 509 222 98 60 23 10 4 1 
6362|Survivor|1: 4914 1303 584 256 102 59 24 9 4 1 
6377|Child_CrossABC2|2: 6257 1513 610 231 123 57 23 10 4 1 
6403|Child_Cross21|14: 4276 1328 541 229 105 56 24 9 4 1 
6536|Child_CrossABC2|2: 3977 1209 533 241 118 53 27 10 4 1 
6687|Survivor|1: 3455 1424 520 211 91 46 20 9 4 1 
6708|Survivor|1: 3365 1268 509 211 90 46 20 9 4 1 
6792|Child_CrossABC1|7: 3426 1342 473 242 112 57 23 10 4 1 
6794|Child_CrossABC2|8: 3573 1242 559 250 111 57 23 10 4 1 
6795|Child_Cross21|18: 4161 1437 588 275 105 57 23 10 4 1 
6816|Child_CrossABC1|7: 4189 1445 588 274 105 57 23 10 4 1 
6817|Child_CrossABC1|7: 4189 1431 588 274 105 57 23 10 4 1 
6818|Child_CrossABC1|7: 4214 1439 588 275 105 57 23 10 4 1 
6832|Child_Cross21|30: 3278 1196 513 226 93 51 23 10 4 1 
6836|Child_Cross21|26: 3470 1222 499 221 93 51 23 10 4 1 
6857|Survivor|1: 3615 1172 510 230 88 51 23 10 4 1 
6862|Survivor|1: 3440 1219 508 223 83 51 23 10 4 1 
6864|Child_CrossABC1|7: 3446 1222 505 223 83 51 23 10 4 1 
7428|Child_Cross12|1: 3686 1386 727 269 108 49 24 9 4 1 
7800|Survivor|1: 3627 1173 447 215 109 57 23 10 4 1 
7807|Survivor|1: 3615 1025 450 206 98 57 23 10 4 1 
7838|Survivor|1: 3757 1486 621 230 117 43 24 9 4 1 
7858|Survivor|1: 2425 945 351 155 65 29 10 4 1 
7998|Survivor|1: 4038 1503 575 239 98 58 24 9 4 1 
8000|Child_LevyP2|10: 3752 1392 576 230 99 55 24 9 4 1 
8009|Survivor|1: 3628 1531 560 239 101 58 24 9 4 1 
8020|Child_CrossABC2|2: 3602 1425 606 223 95 58 24 9 4 1 
8054|Survivor|1: 3477 1233 491 225 86 54 20 9 4 1 
8229|Survivor|1: 3991 1456 589 239 93 59 24 9 4 1 
8345|Child_Levy|52: 5315 1861 648 275 129 52 24 9 4 1 
8352|Child_CrossABC1|1: 5267 2011 646 271 110 50 24 9 4 1 
8356|Survivor|1: 4390 1603 558 234 114 53 24 9 4 1 
8511|Child_CrossABC1|7: 3616 1103 495 212 83 48 20 9 4 1 
8525|Survivor|1: 3661 1091 479 208 93 48 20 9 4 1 
8750|Child_Cross21|38: 3439 1224 590 252 97 57 21 10 4 1 
8756|Child_CrossABC2|2: 3867 1362 598 248 101 57 21 10 4 1 
8770|Survivor|1: 3446 1241 522 238 109 54 19 10 4 1 
8772|Child_Avg|39: 3486 1272 540 228 98 53 19 10 4 1 
8773|Child_CrossABC1|1: 3497 1265 544 239 94 53 19 10 4 1 
8781|Child_Cross21|2: 3302 1259 522 231 94 53 19 10 4 1 
8797|Child_Cross12|13: 3281 1217 525 217 87 52 19 10 4 1 
8825|Child_Levy|40: 4327 1325 546 264 104 60 21 10 4 1 
8858|Survivor|1: 3585 1077 499 236 94 55 21 10 4 1 
8968|Child_Cross21|6: 5434 2151 694 299 124 58 24 9 4 1 
9136|Child_LevyP1|3: 4093 1792 649 335 116 59 25 10 4 1 
9207|Child_CrossABC1|7: 3827 1072 420 179 83 30 11 5 1 
9222|Child_CrossABC2|8: 3274 1044 379 182 83 29 10 4 1 
9383|Child_CrossABC2|8: 3487 1350 548 222 108 61 24 9 4 1 
9389|Child_CrossABC1|1|Mutated: 3397 1324 502 222 108 61 24 9 4 1 
9391|Child_CrossABC1|7: 3482 1326 565 224 108 61 24 9 4 1 
9394|Survivor|1: 3443 1318 504 222 107 61 24 9 4 1 
9539|Survivor|1: 3649 1294 488 179 96 50 19 10 4 1 
9561|Survivor|1: 3466 1286 529 206 85 50 19 10 4 1 
9573|Child_Cross12|17: 3520 1286 529 206 85 50 19 10 4 1 
9589|Survivor|1: 3542 1286 529 241 85 50 19 10 4 1 
9594|Child_Cross21|2: 3511 1286 529 206 85 50 19 10 4 1 
9625|Survivor|1: 3522 1085 529 206 85 50 19 10 4 1 
9694|Survivor|1: 3553 1111 488 198 101 47 21 10 4 1 
10075|Survivor|1: 2655 863 331 142 73 27 10 4 1 
10242|Survivor|1: 3310 1308 534 209 95 49 21 10 4 1 
10243|Child_Avg|23: 3274 1233 536 209 95 49 21 10 4 1 
10247|Child_Avg|19: 3291 1287 518 207 94 49 21 10 4 1 
10253|Child_Avg|31: 3284 1288 522 207 94 49 21 10 4 1 
10257|Child_CrossABC1|1: 3285 1288 522 207 94 49 21 10 4 1 
10268|Child_Cross21|38: 3510 1314 519 195 85 49 21 10 4 1 
10466|Child_Cross12|5: 3823 1144 647 312 101 56 21 10 4 1 
10470|Child_Levy|48: 4075 1453 611 277 101 56 21 10 4 1 
10481|Child_Cross12|33: 3493 1186 510 220 93 56 21 10 4 1 
10538|Survivor|1: 3513 1178 522 205 110 59 20 9 4 1 
10578|Child_Cross21|10: 4115 1252 575 270 103 48 20 9 4 1 
10615|Survivor|1: 3866 1198 540 231 88 46 20 9 4 1 
10853|Child_Cross12|21: 3607 1071 532 224 102 54 23 10 4 1 
10862|Survivor|1: 3731 1207 524 229 91 54 23 10 4 1 
11101|Child_Avg|3|Mutated: 3289 1214 478 211 87 51 19 10 4 1 
11109|Child_Cross12|33: 3326 1249 485 211 87 51 19 10 4 1 
11121|Child_CrossABC1|7: 3192 1235 472 230 94 51 19 10 4 1 
11126|Child_Cross12|33: 3281 1221 481 209 84 51 19 10 4 1 
11131|Child_Cross12|13|Mutated: 3252 1234 485 212 84 51 19 10 4 1 
11137|Child_Cross21|10: 3229 1217 484 208 84 51 19 10 4 1 
11142|Child_Avg|59: 3234 1215 483 208 84 51 19 10 4 1 
11149|Child_CrossABC1|7: 3233 1215 483 208 84 51 19 10 4 1 
11157|Child_Cross12|33: 3239 1215 483 208 84 51 19 10 4 1 
11375|Survivor|1|Mutated: 5377 1476 635 328 159 72 27 10 4 1 
11379|Child_Cross21|6: 5487 1856 795 328 138 72 27 10 4 1 
11391|Survivor|1: 5217 1807 738 337 132 72 27 10 4 1 
11394|Child_CrossABC2|2|Mutated: 5226 1674 743 345 131 72 27 10 4 1 
11410|Child_CrossABC2|2: 5205 1674 747 302 130 72 27 10 4 1 
11412|Child_CrossABC1|7: 4930 1670 721 317 148 72 27 10 4 1 
11421|Child_Avg|35: 4642 1804 757 337 151 72 27 10 4 1 
11423|Child_CrossABC2|2: 4297 1576 654 303 130 72 27 10 4 1 
11429|Survivor|1: 4008 1400 618 293 121 72 27 10 4 1 
11443|Survivor|1: 4553 1604 597 277 113 64 24 9 4 1 
11454|Survivor|1: 4304 1466 567 270 107 61 24 9 4 1 
11458|Child_CrossABC2|8: 4132 1509 596 282 114 61 24 9 4 1 
11466|Survivor|1: 4123 1431 550 266 99 59 24 9 4 1 
11482|Child_CrossABC2|8: 3642 1253 561 266 99 59 24 9 4 1 
11484|Child_CrossABC2|2: 4247 1344 557 266 99 59 24 9 4 1 
11493|Child_CrossABC1|1: 4056 1301 565 273 100 59 24 9 4 1 
11569|Survivor|1: 2688 897 348 137 59 24 9 4 1 
11806|Survivor|1: 4702 1663 605 275 120 72 27 10 4 1 
11846|Child_Avg|39: 3577 1208 487 219 108 61 20 9 4 1 
11849|Survivor|1: 3546 1353 480 208 93 56 21 10 4 1 
11870|Survivor|1: 3484 1266 469 204 91 57 21 10 4 1 
11888|Survivor|1: 3384 1265 473 211 89 55 20 9 4 1 
11986|Child_Cross12|17: 4125 1464 567 261 98 64 24 9 4 1 
11992|Child_Cross21|2: 4049 1294 567 283 98 64 24 9 4 1 
12060|Survivor|1: 3598 1347 511 227 90 59 24 9 4 1 
12087|Child_Avg|51: 3342 1236 474 213 83 57 20 9 4 1 
12154|Survivor|1: 3378 1257 465 211 81 48 20 9 4 1 
12182|Child_Cross21|6: 3847 1616 565 245 94 62 24 9 4 1 
12231|Child_Levy|36: 2627 838 311 142 56 21 10 4 1 
12255|Survivor|1: 3406 1199 496 205 90 56 21 10 4 1 
12257|Child_Cross12|25: 3404 1255 498 201 89 55 20 9 4 1 
12273|Survivor|1: 3479 1221 498 201 89 55 20 9 4 1 
12713|Survivor|1: 3769 1363 575 257 108 55 24 9 4 1 
12729|Survivor|1: 3474 1090 524 247 99 46 24 9 4 1 
12731|Child_Cross12|17: 3520 1228 529 229 97 46 24 9 4 1 
12746|Survivor|1: 3779 1180 515 243 95 46 24 9 4 1 
13004|Survivor|1: 5818 1864 750 317 130 60 29 11 5 1 
13009|Child_Cross21|58: 4399 1675 624 264 118 65 29 10 4 1 
13020|Survivor|1: 5456 1720 666 277 118 61 29 10 4 1 
13076|Child_Avg|7: 5369 1507 606 245 112 64 29 9 4 1 
13226|Child_Cross12|49: 4313 1334 520 237 94 55 20 9 4 1 
13245|Child_Avg|35|Mutated: 4219 1222 524 229 93 46 20 9 4 1 
13273|Child_CrossABC1|1: 3606 1131 499 216 93 48 20 9 4 1 
13808|Survivor|1: 3605 1243 502 226 95 57 23 10 4 1 
13809|Child_CrossABC2|2: 4955 1442 584 269 111 57 23 10 4 1 
13811|Child_CrossABC1|1|Mutated: 5467 1495 568 242 109 57 23 10 4 1 
13828|Child_CrossABC2|2: 5270 1424 639 243 109 57 23 10 4 1 
13839|Child_CrossABC2|8: 4372 1435 608 244 110 57 23 10 4 1 
13840|Child_Cross21|18: 3955 1372 574 227 99 57 23 10 4 1 
13848|Child_Avg|23: 4131 1436 558 235 107 57 23 10 4 1 
13854|Child_Avg|7: 4218 1368 579 227 98 57 23 10 4 1 
13856|Child_Avg|31|Mutated: 4245 1358 513 208 112 57 23 10 4 1 
13871|Child_Avg|47: 4195 1359 551 207 99 57 23 10 4 1 
13898|Survivor|1: 4031 1355 507 224 92 57 21 10 4 1 
13956|Child_CrossABC1|1: 3526 1339 467 191 101 57 21 10 4 1 
13963|Child_Avg|47: 3526 1320 467 191 101 57 21 10 4 1 
13966|Child_Cross12|5: 3526 1335 467 191 101 57 21 10 4 1 
13967|Child_Avg|35: 3526 1323 467 191 101 57 21 10 4 1 
13968|Child_CrossABC2|2: 3593 1320 481 195 101 57 21 10 4 1 
14090|Survivor|1: 3418 1435 537 225 91 57 21 10 4 1 
14178|Survivor|1: 3723 1249 491 203 93 58 21 10 4 1 
14202|Child_Cross12|37: 3575 1302 485 225 86 57 21 10 4 1 
14210|Survivor|1: 3561 1338 478 253 92 54 21 10 4 1 
14231|Survivor|1: 2306 840 340 141 72 27 10 4 1 
14257|Child_Cross21|34: 4735 1689 634 341 120 57 23 10 4 1 
14258|Child_Cross12|45: 4107 1398 553 272 109 57 23 10 4 1 
14261|Child_CrossABC2|8: 3860 1282 529 269 99 57 23 10 4 1 
14282|Survivor|1: 3701 1320 550 254 101 57 23 10 4 1 
14293|Child_CrossABC2|8: 3625 1320 550 254 101 57 23 10 4 1 
14295|Child_CrossABC2|8: 3666 1320 550 254 101 57 23 10 4 1 
14297|Child_Cross12|9: 3746 1320 550 254 101 57 23 10 4 1 
14298|Child_Avg|3: 3924 1361 534 250 98 57 23 10 4 1 
14299|Child_Avg|31|Mutated: 3844 1487 550 254 101 57 21 10 4 1 
14301|Child_Cross21|42: 3778 1378 523 244 98 57 23 10 4 1 
14303|Survivor|1: 3729 1353 537 250 99 54 23 10 4 1 
14306|Child_Cross12|21: 3801 1396 547 244 96 54 23 10 4 1 
14308|Child_CrossABC1|1: 3841 1395 556 254 99 54 23 10 4 1 
14616|Survivor|1: 4306 1778 633 220 93 56 21 10 4 1 
14626|Survivor|1: 5069 1597 597 214 96 56 21 10 4 1 
14631|Survivor|1: 4183 1565 545 214 94 56 21 10 4 1 
14664|Survivor|1: 3998 1412 526 217 102 48 20 9 4 1 
14672|Child_Cross12|41: 4006 1413 527 223 101 48 20 9 4 1 
14673|Child_Cross21|2: 3982 1428 527 217 102 48 20 9 4 1 
14674|Child_CrossABC2|2: 4010 1406 521 231 101 48 20 9 4 1 
14675|Child_Avg|15: 4014 1419 524 223 101 48 20 9 4 1 
14680|Child_CrossABC2|2: 4014 1423 523 219 101 48 20 9 4 1 
14681|Child_Cross21|34: 3489 1398 520 213 101 48 20 9 4 1 
14687|Child_CrossABC2|8: 3647 1288 513 211 101 48 20 9 4 1 
14809|Survivor|1: 3755 1098 463 199 83 52 24 9 4 1 
14866|Child_Avg|51: 3823 1217 483 222 102 58 23 10 4 1 
14872|Child_CrossABC1|7: 4284 1309 523 240 98 57 23 10 4 1 
14877|Child_CrossABC1|1: 4302 1321 523 240 98 57 23 10 4 1 
14887|Child_CrossABC1|1: 4187 1273 533 239 99 57 23 10 4 1 
14910|Child_CrossABC2|8: 6279 1634 753 265 108 57 23 10 4 1 
14947|Survivor|1: 4915 1550 570 231 92 57 21 10 4 1 
14958|Survivor|1: 3872 1225 489 204 86 57 21 10 4 1 
15337|Child_Cross12|25: 4135 1520 656 274 111 65 24 9 4 1 
15343|Child_CrossABC1|1: 3951 1684 747 289 114 65 24 9 4 1 
15353|Survivor|1|Mutated: 3951 1408 747 289 114 65 24 9 4 1 
15372|Child_Avg|51: 3593 1330 563 241 94 62 24 9 4 1 
15393|Child_Cross21|54: 3560 1362 545 243 94 62 24 9 4 1 
15737|Survivor|1: 4069 1285 553 222 95 58 24 9 4 1 
15766|Child_LevyABC2|12: 3534 1182 541 232 102 55 24 9 4 1 
15805|Child_CrossABC1|7: 3502 1131 478 197 105 60 19 10 4 1 
15837|Survivor|1: 3367 1253 511 221 87 60 21 10 4 1 
15840|Survivor|1: 3430 1253 511 221 87 60 21 10 4 1 
15845|Survivor|1: 3374 1256 509 224 87 60 21 10 4 1 
15904|Survivor|1: 3569 1248 493 219 83 59 20 9 4 1 
15912|Survivor|1: 3569 1248 493 219 83 57 20 9 4 1 
16005|Child_Cross12|53: 4327 1494 580 244 104 59 20 9 4 1 
16009|Child_CrossABC1|7: 4715 1493 610 256 103 59 20 9 4 1 
16010|Child_Avg|59: 4209 1524 584 250 103 57 20 9 4 1 
16016|Child_Avg|23: 4421 1343 584 224 103 57 20 9 4 1 
16019|Child_Cross21|46: 4245 1426 581 244 101 57 20 9 4 1 
16045|Survivor|1: 4097 1419 555 235 92 57 20 9 4 1 
16223|Child_Avg|31: 3798 1146 501 219 103 59 20 9 4 1 
16230|Survivor|1: 3745 1387 538 243 102 57 20 9 4 1 
16244|Child_CrossABC1|7: 3709 1240 514 213 92 57 20 9 4 1 
16249|Child_CrossABC1|7: 3461 1240 514 213 92 57 20 9 4 1 
16302|Survivor|1: 3463 1232 500 213 92 57 20 9 4 1 
16496|Child_CrossABC1|1|Mutated: 2596 857 322 146 69 21 10 4 1 
16521|Survivor|1: 3804 1535 609 293 121 68 24 9 4 1 
16533|Survivor|1: 3743 1427 626 222 106 61 23 10 4 1 
16535|Child_Cross12|57: 3993 1361 546 242 103 61 23 10 4 1 
16541|Child_CrossABC2|8: 3966 1458 614 227 100 61 23 10 4 1 
16543|Child_CrossABC2|2: 3988 1447 622 254 106 61 23 10 4 1 
16548|Survivor|1: 3675 1496 589 241 100 61 23 10 4 1 
16553|Child_Cross12|37: 3753 1354 621 254 93 61 23 10 4 1 
16556|Survivor|1: 3724 1467 588 241 100 61 23 10 4 1 
16570|Child_Cross21|22: 3724 1467 588 241 100 58 23 10 4 1 
16591|Child_Cross21|58: 3642 1263 534 221 87 48 23 10 4 1 
16628|Child_CrossABC1|1: 3642 1260 534 221 87 48 23 10 4 1 
16629|Child_Cross12|45: 3642 1269 534 221 87 48 23 10 4 1 
16630|Child_CrossABC1|7: 3642 1273 534 221 87 48 23 10 4 1 
16699|Child_Cross21|50: 5177 1462 627 296 105 45 23 10 4 1 
16702|Child_Avg|7: 4375 1489 592 271 102 47 23 10 4 1 
16729|Child_CrossABC1|1: 3770 1229 505 215 88 47 23 10 4 1 
16784|Child_Levy|32: 5573 1976 637 268 127 59 24 9 4 1 
16845|Child_CrossABC1|1: 4915 1481 665 305 143 65 24 9 4 1 
16858|Child_Cross21|2: 4873 1446 641 269 152 65 24 9 4 1 
16861|Child_CrossABC2|2: 4952 1526 643 261 150 64 24 9 4 1 
16871|Child_Cross21|58|Mutated: 4164 1227 579 245 114 64 24 9 4 1 
16872|Child_CrossABC1|1: 3639 1263 575 247 111 65 24 9 4 1 
16885|Survivor|1|Mutated: 3639 1444 642 274 111 65 24 9 4 1 
16906|Child_CrossABC1|1: 3653 1461 656 250 109 65 24 9 4 1 
16946|Child_Avg|31: 3388 1329 559 241 101 64 23 10 4 1 
16997|Survivor|1: 3301 1350 558 236 111 64 23 10 4 1 
17014|Child_CrossABC1|1: 3261 1314 554 241 129 64 23 10 4 1 
17025|Survivor|1: 3342 1286 534 232 119 65 23 10 4 1 
17052|Survivor|1: 3340 1288 526 223 89 47 23 10 4 1 
17167|Child_Cross21|2: 4197 1290 540 221 103 50 24 9 4 1 
17175|Survivor|1: 4220 1304 542 211 102 47 21 10 4 1 
17190|Child_Cross12|41: 3609 1126 459 187 93 48 20 9 4 1 
17392|Survivor|1: 4753 1800 729 327 162 68 24 9 4 1 
17710|Child_CrossABC1|1: 5538 1643 605 248 103 51 23 10 4 1 
17714|Survivor|1|Mutated: 5538 1641 605 248 103 51 23 10 4 1 
17745|Survivor|1: 5667 1460 596 263 103 50 24 9 4 1 
17747|Child_Cross12|21: 5802 1533 597 263 103 50 24 9 4 1 
17748|Child_Cross12|5|Mutated: 5773 1724 563 263 103 50 24 9 4 1 
17749|Child_CrossABC1|7: 5763 1373 617 263 103 50 24 9 4 1 
17753|Child_Cross21|26: 5555 1572 604 273 105 50 24 9 4 1 
17755|Child_Avg|51: 5700 1483 589 265 102 49 24 9 4 1 
17762|Child_Cross12|1: 5735 1499 577 266 101 49 24 9 4 1 
17763|Child_Avg|35: 5721 1494 562 267 101 49 24 9 4 1 
17765|Child_Cross12|25: 5724 1497 575 268 101 49 24 9 4 1 
17766|Child_Cross21|22|Mutated: 6365 1494 562 267 101 49 24 9 4 1 
17770|Child_Cross12|25: 6210 1493 568 267 101 49 24 9 4 1 
17771|Child_CrossABC2|8: 5704 1494 580 265 101 49 24 9 4 1 
17777|Survivor|1: 5688 1494 585 267 101 49 24 9 4 1 
17782|Child_LevyABC1|5|Mutated: 6513 1611 595 269 118 50 24 9 4 1 
17798|Child_Cross12|25: 5799 1497 576 265 100 49 23 8 3 1 
17805|Child_Cross12|49: 5998 1443 606 265 100 49 23 8 3 1 
17809|Survivor|1: 5811 1445 606 265 100 49 23 8 3 1 
17812|Child_Cross21|2: 5816 1450 603 265 100 49 23 8 3 1 
17819|Child_CrossABC1|7: 5667 1443 606 265 100 49 23 8 3 1 
17820|Child_Cross21|10: 5963 1443 606 265 100 49 23 8 3 1 
17823|Child_CrossABC2|2: 5635 1443 606 265 100 49 23 8 3 1 
17825|Child_Cross12|57: 5632 1443 606 265 100 49 23 8 3 1 
17828|Child_Avg|7: 5503 1443 606 265 100 49 23 8 3 1 
17829|Child_Cross21|38: 5602 1443 606 265 100 49 23 8 3 1 
17832|Child_Cross21|30: 5364 1443 606 265 100 49 23 8 3 1 
17833|Child_Cross12|37: 5636 1443 606 265 100 49 23 8 3 1 
17837|Child_Cross21|38: 5470 1443 606 265 100 49 23 8 3 1 
17839|Child_Avg|19: 5622 1443 606 265 100 49 23 8 3 1 
17840|Child_Cross21|58: 5603 1443 606 265 100 49 23 8 3 1 
17841|Child_Cross12|57: 5610 1443 606 265 100 49 23 8 3 1 
17842|Child_Cross12|5: 5639 1443 606 265 100 49 23 8 3 1 
17843|Child_Cross12|5: 5426 1443 606 265 100 49 23 8 3 1 
17847|Child_Avg|23: 5367 1443 606 265 100 49 23 8 3 1 
17848|Child_Cross12|21: 5326 1443 606 265 100 49 23 8 3 1 
17849|Child_Avg|39: 5460 1443 606 265 100 49 23 8 3 1 
17852|Child_Avg|55: 5392 1443 606 265 100 49 23 8 3 1 
17853|Child_Cross21|38: 5567 1443 606 265 100 49 23 8 3 1 
17854|Child_Cross21|46: 5440 1443 606 265 100 49 23 8 3 1 
17857|Child_Avg|7: 5435 1443 606 265 100 49 23 8 3 1 
17858|Child_Avg|15: 5395 1443 606 265 100 49 23 8 3 1 
17859|Child_Cross21|58: 5450 1443 606 265 100 49 23 8 3 1 
17860|Child_Avg|51: 5382 1443 606 265 100 49 23 8 3 1 
17861|Child_Cross21|10: 5449 1443 606 265 100 49 23 8 3 1 
17862|Child_Avg|11: 5444 1443 606 265 100 49 23 8 3 1 
17864|Child_Avg|27: 5391 1443 606 265 100 49 23 8 3 1 
17869|Child_Cross12|25: 5415 1443 606 265 100 49 23 8 3 1 
17870|Child_Avg|55: 5422 1443 606 265 100 49 23 8 3 1 
17871|Child_Cross21|30: 5409 1443 606 265 100 49 23 8 3 1 
17872|Child_Avg|27: 5414 1443 606 265 100 49 23 8 3 1 
17875|Child_Cross12|53: 5405 1443 606 265 100 49 23 8 3 1 
17879|Child_Avg|7: 5419 1443 606 265 100 49 23 8 3 1 
17880|Child_Cross12|37: 5412 1443 606 265 100 49 23 8 3 1 
17883|Child_Avg|47: 5416 1443 606 265 100 49 23 8 3 1 
17888|Child_Cross12|29: 5413 1443 606 265 100 49 23 8 3 1 
17893|Child_Avg|7: 5421 1443 606 265 100 49 23 8 3 1 
17900|Child_Avg|11: 5425 1443 606 265 100 49 23 8 3 1 
