7417|Child_Cross12|25: 2067 592 262 101 57 21 10 4 1 
7425|Survivor|1: 2064 592 262 101 57 21 10 4 1 
8454|Child_CrossABC2|2: 2110 631 256 111 55 24 9 4 1 
14458|Survivor|1: 1979 616 293 129 55 24 9 4 1 
21257|Child_Avg|11: 1865 707 306 132 57 23 10 4 1 
21291|Child_CrossABC2|8: 3104 820 307 132 57 23 10 4 1 
26408|Child_CrossABC1|1: 1995 602 267 104 56 21 10 4 1 
34360|Survivor|1: 2018 625 260 101 57 21 10 4 1 
68074|Survivor|1: 1966 672 272 109 57 23 10 4 1 
69545|Child_Cross12|33: 1873 732 302 114 55 24 9 4 1 
73781|Survivor|1: 2002 615 256 114 53 24 9 4 1 
