C100_1019|Child_CrossABC1|7: 88 33 9 4 1 
C250_24622|Child_Cross12|45: 221 80 23 10 4 1
C500_416614|Child_Cross12|13: 462 189 57 23 10 4 1 
C750_598|Child_CrossABC2|8: 510 148 54 23 10 4 1 
C1000_402399|Child_CrossABC2|2: 409 156 57 23 10 4 1 
C2000_13244|Child_CrossABC2|2: 1184 335 127 57 21 10 4 1 
C3000_72159|Child_CrossABC2|8: 1196 341 138 61 24 9 4 1
C4000_50875|Survivor|1: 1745 634 269 122 57 23 10 4 1 
C5000_21257|Child_Avg|11: 1865 707 306 132 57 23 10 4 1 
C6000_12081|Child_CrossABC1|7: 2330 702 278 127 57 21 10 4 1 
C7000_40037|Child_CrossABC1|1: 2244 868 324 155 57 23 10 4 1 
C8000_42369|Child_CrossABC2|2: 5433 1558 555 270 115 56 21 10 4 1
C9000_19647|Child_Cross12|25: 5398 1620 653 285 138 61 24 9 4 1 
C10000_13416|Child_CrossABC1|1: 4057 1438 610 252 119 57 23 10 4 1 
C100000_1494|Child_Avg|59: 26712 10322 3899 1749 698 352 160 71 28 11 4 1 
Cmerge_8000-42369|Child_CrossABC2|2: 5433 1558 555 270 115 56 21 10 4 1 
L100_525480|Random|20: 38 9 4 1 
L500_9714|Child_ABC1|28: 202 57 23 10 4 1 
L1000_16915|Child_ABC1|16|Mutated: 599 156 57 23 10 4 1 
L5000_3266|Child|2|Mutated: 1977 701 301 132 57 23 10 4 1
L8000_480|Child|18: 1785 701 301 132 57 23 10 4 1 
L10000_17024|Child_Avg|15: 6477 1834 695 299 127 69 27 10 4 1 
L100000_60|Child_CrossABC2|8: 23583 9709 3857 1875 886 348 141 67 23 10 4 1
Lmerge_10000-3715|Child|2|Mutated: 2600 783 313 132 57 23 10 4 1 
CLmerge_L10000-3715|Child|2|Mutated: 2600 783 313 132 57 23 10 4 1 