11|Survivor|1: 1886 647 253 129 58 24 9 4 1 
2573|Child_CrossABC1|7: 2219 822 322 127 54 23 10 4 1 
2716|Survivor|1: 4810 1287 516 230 98 61 23 10 4 1 
2730|Survivor|1: 4822 1310 505 230 98 61 23 10 4 1 
2756|Survivor|1: 4822 1294 505 230 98 61 23 10 4 1 
3738|Survivor|1: 4874 1389 541 228 89 55 24 9 4 1 
4041|Survivor|1: 2079 775 289 126 56 24 9 4 1 
4445|Survivor|1: 3493 1312 510 227 94 46 20 9 4 1 
7138|Child_CrossABC2|8: 3855 1436 639 261 107 52 24 9 4 1 
7342|Survivor|1: 2347 743 347 133 71 23 10 4 1 
8331|Survivor|1: 2298 748 301 135 68 24 9 4 1 
9328|Survivor|1: 2798 912 383 148 53 27 10 4 1 
9358|Survivor|1: 2215 848 351 142 55 27 10 4 1 
9734|Survivor|1: 2230 847 362 138 61 24 9 4 1 
9776|Survivor|1: 2299 761 331 142 61 24 9 4 1 
9803|Survivor|1: 2290 793 298 131 61 24 9 4 1 
9830|Survivor|1: 2791 882 335 131 61 24 9 4 1 
9847|Child_CrossABC2|8: 2915 799 353 132 61 24 9 4 1 
10445|Child_Avg|15: 2595 805 311 129 58 24 9 4 1 
11052|Survivor|1: 3523 1302 605 246 99 57 23 10 4 1 
11066|Child_CrossABC2|8: 3594 1384 539 243 109 57 23 10 4 1 
11446|Survivor|1: 2566 843 347 146 69 27 10 4 1 
11448|Child_CrossABC1|1: 2426 793 358 149 69 27 10 4 1 
11549|Survivor|1: 2262 863 306 118 57 23 10 4 1 
12697|Survivor|1: 4323 1266 482 238 111 52 24 9 4 1 
13175|Child_Cross12|37: 2270 964 368 145 61 24 9 4 1 
13209|Child_CrossABC2|2: 2335 946 345 145 61 24 9 4 1 
13212|Child_CrossABC2|8: 2318 947 335 145 61 24 9 4 1 
13215|Child_Avg|15: 2273 889 344 138 61 24 9 4 1 
13223|Child_Cross12|21: 2257 884 341 138 61 24 9 4 1 
13226|Child_CrossABC2|8: 2258 879 341 138 61 24 9 4 1 
13243|Survivor|1: 2137 844 354 130 61 24 9 4 1 
13870|Child_Cross12|5: 2278 688 309 119 57 23 10 4 1 
13886|Child_CrossABC2|8: 2351 707 299 124 57 23 10 4 1 
14018|Survivor|1: 3740 1167 508 216 109 57 23 10 4 1 
14930|Survivor|1: 4258 1647 719 266 105 61 24 9 4 1 
14987|Child_Avg|15: 4479 1414 526 232 101 57 21 10 4 1 
14989|Survivor|1: 4883 1433 531 231 101 57 21 10 4 1 
14990|Child_Cross12|57: 3874 1401 533 235 101 57 21 10 4 1 
14996|Child_Cross21|10: 3893 1400 535 235 101 57 21 10 4 1 
14997|Child_Avg|43: 3790 1399 535 235 101 57 21 10 4 1 
14998|Child_Avg|47: 4633 1423 531 235 101 57 21 10 4 1 
14999|Child_Avg|43: 4756 1421 532 235 101 57 21 10 4 1 
15001|Child_Avg|19: 4448 1417 532 235 101 57 21 10 4 1 
15002|Child_Avg|51: 4664 1423 535 235 101 57 21 10 4 1 
15003|Child_Avg|51: 4497 1416 532 235 101 57 21 10 4 1 
15004|Child_Cross21|2: 5034 1430 530 235 101 57 21 10 4 1 
15005|Child_Cross21|58: 4648 1423 533 235 101 57 21 10 4 1 
15007|Child_CrossABC2|2: 4579 1423 535 235 101 57 21 10 4 1 
15009|Child_Cross21|14: 4702 1423 533 235 101 57 21 10 4 1 
15010|Child_Cross21|2: 4802 1430 596 235 101 57 21 10 4 1 
15011|Child_CrossABC1|1: 4902 1422 614 235 101 57 21 10 4 1 
15015|Child_Cross21|22: 4500 1418 533 235 101 57 21 10 4 1 
15017|Child_Cross21|50: 4728 1433 552 235 101 57 21 10 4 1 
15018|Child_Cross21|46: 4580 1430 552 235 101 57 21 10 4 1 
15023|Child_Cross21|14: 4636 1436 552 235 101 57 21 10 4 1 
15025|Child_Cross12|45: 4608 1433 552 235 101 57 21 10 4 1 
15028|Child_Cross12|1: 4654 1431 552 235 101 57 21 10 4 1 
15030|Child_Cross21|42: 4755 1427 583 235 101 57 21 10 4 1 
15032|Child_Cross21|58: 4742 1426 546 235 101 57 21 10 4 1 
15033|Child_Cross21|2: 4620 1430 552 235 101 57 21 10 4 1 
15034|Child_Cross21|46: 4634 1431 552 235 101 57 21 10 4 1 
15036|Child_Cross21|58: 4639 1430 552 235 101 57 21 10 4 1 
15037|Child_Cross21|34: 4911 1431 552 235 101 57 21 10 4 1 
15038|Child_Avg|59: 4629 1430 552 235 101 57 21 10 4 1 
15039|Child_Cross12|5: 4628 1430 552 235 101 57 21 10 4 1 
15040|Child_Avg|19: 4647 1430 552 235 101 57 21 10 4 1 
15041|Child_Cross21|50: 4791 1431 552 235 101 57 21 10 4 1 
15042|Child_Cross21|6: 4729 1430 552 235 101 57 21 10 4 1 
15043|Child_Cross12|13: 4929 1431 552 235 101 57 21 10 4 1 
15044|Child_Cross12|17: 4872 1431 552 235 101 57 21 10 4 1 
15045|Child_Cross21|14: 4858 1431 552 235 101 57 21 10 4 1 
15046|Child_Cross12|33: 4893 1431 552 235 101 57 21 10 4 1 
15047|Child_Cross12|9: 4893 1430 552 235 101 57 21 10 4 1 
15048|Child_Cross21|14: 4900 1431 552 235 101 57 21 10 4 1 
15049|Child_Cross21|26: 4857 1431 552 235 101 57 21 10 4 1 
15050|Child_Cross21|26: 4943 1431 552 235 101 57 21 10 4 1 
15051|Child_Avg|39: 4963 1430 552 235 101 57 21 10 4 1 
15052|Child_Cross21|38: 4972 1431 552 235 101 57 21 10 4 1 
15053|Child_Cross21|50: 4931 1430 552 235 101 57 21 10 4 1 
15055|Child_Cross12|5: 4957 1431 552 235 101 57 21 10 4 1 
15056|Child_Avg|3: 4877 1431 552 235 101 57 21 10 4 1 
15057|Child_Cross21|26: 4953 1431 552 235 101 57 21 10 4 1 
15058|Child_Cross12|25: 4994 1430 552 235 101 57 21 10 4 1 
15060|Child_Cross21|18: 4952 1431 552 235 101 57 21 10 4 1 
15061|Child_CrossABC1|1: 4915 1431 552 235 101 57 21 10 4 1 
15065|Child_Cross21|30: 4941 1431 552 235 101 57 21 10 4 1 
15066|Child_Cross21|54: 4958 1431 552 235 101 57 21 10 4 1 
15068|Child_Cross21|38: 4951 1431 552 235 101 57 21 10 4 1 
15069|Child_CrossABC1|7: 4942 1431 552 235 101 57 21 10 4 1 
15070|Child_Cross12|13: 4922 1431 552 235 101 57 21 10 4 1 
15072|Child_Cross21|18: 4924 1431 552 235 101 57 21 10 4 1 
15075|Child_Cross12|25: 4933 1431 552 235 101 57 21 10 4 1 
15077|Child_Cross12|25: 4926 1431 552 235 101 57 21 10 4 1 
15078|Child_Avg|55: 4934 1431 552 235 101 57 21 10 4 1 
15080|Child_Avg|55: 4975 1431 552 235 101 57 21 10 4 1 
15082|Child_Avg|31: 4938 1431 552 235 101 57 21 10 4 1 
15083|Child_Avg|11: 4914 1431 552 235 101 57 21 10 4 1 
15084|Child_Avg|23: 4969 1431 552 235 101 57 21 10 4 1 
15085|Child_Avg|47: 4954 1431 552 235 101 57 21 10 4 1 
15089|Child_Cross12|9: 4921 1431 552 235 101 57 21 10 4 1 
15090|Child_Cross12|17: 4932 1431 552 235 101 57 21 10 4 1 
15092|Child_Avg|55: 4949 1431 552 235 101 57 21 10 4 1 
15097|Child_Avg|35: 4920 1431 552 235 101 57 21 10 4 1 
15101|Child_Cross21|34: 4903 1431 552 235 101 57 21 10 4 1 
15104|Child_Cross21|46: 4928 1431 552 235 101 57 21 10 4 1 
15110|Child_Cross21|46: 4919 1431 552 235 101 57 21 10 4 1 
15113|Child_Avg|23: 4930 1431 552 235 101 57 21 10 4 1 
15124|Child_Cross12|9: 4925 1431 552 235 101 57 21 10 4 1 
15125|Child_Cross12|21: 4813 1431 552 235 101 57 21 10 4 1 
15127|Child_Avg|59: 4843 1431 552 235 101 57 21 10 4 1 
15128|Child_Cross12|49: 4885 1431 552 235 101 57 21 10 4 1 
15130|Child_Cross12|13: 4939 1431 552 235 101 57 21 10 4 1 
15131|Child_Cross21|18: 4848 1431 552 235 101 57 21 10 4 1 
15132|Child_Cross12|25: 4940 1431 552 235 101 57 21 10 4 1 
15133|Child_Cross21|26: 4851 1431 552 235 101 57 21 10 4 1 
15134|Child_Cross21|22: 4910 1431 552 235 101 57 21 10 4 1 
15137|Child_Avg|11: 4869 1431 552 235 101 57 21 10 4 1 
15138|Child_Avg|7: 4891 1431 552 235 101 57 21 10 4 1 
15139|Child_Cross21|42: 5020 1431 552 235 101 57 21 10 4 1 
15140|Child_CrossABC1|7: 4818 1431 552 235 101 57 21 10 4 1 
15142|Child_Avg|19: 4853 1431 552 235 101 57 21 10 4 1 
15143|Child_Cross21|10: 4867 1431 552 235 101 57 21 10 4 1 
15149|Child_Cross12|17: 4905 1431 552 235 101 57 21 10 4 1 
15150|Child_Cross21|18: 4871 1431 552 235 101 57 21 10 4 1 
15151|Child_Cross21|26: 4899 1431 552 235 101 57 21 10 4 1 
15153|Child_CrossABC1|1: 4882 1431 552 235 101 57 21 10 4 1 
15156|Child_Cross21|26: 4886 1431 552 235 101 57 21 10 4 1 
15159|Child_Avg|55: 4881 1431 552 235 101 57 21 10 4 1 
15160|Child_Avg|3: 4889 1431 552 235 101 57 21 10 4 1 
15162|Child_Avg|11: 4898 1431 552 235 101 57 21 10 4 1 
15163|Child_Avg|51: 4884 1431 552 235 101 57 21 10 4 1 
15164|Child_Cross12|17: 4909 1431 552 235 101 57 21 10 4 1 
15168|Child_Cross12|21: 4895 1431 552 235 101 57 21 10 4 1 
15169|Child_Avg|23: 4888 1431 552 235 101 57 21 10 4 1 
15170|Child_Avg|47: 4880 1431 552 235 101 57 21 10 4 1 
15174|Child_Cross12|21: 4874 1431 552 235 101 57 21 10 4 1 
15179|Child_Avg|27: 4894 1431 552 235 101 57 21 10 4 1 
15185|Child_Cross12|45: 4892 1431 552 235 101 57 21 10 4 1 
15197|Child_Avg|39: 4901 1431 552 235 101 57 21 10 4 1 
15205|Child_Avg|23: 4918 1431 552 235 101 57 21 10 4 1 
15207|Child_Avg|11: 4912 1431 552 235 101 57 21 10 4 1 
15227|Child_Avg|27: 4913 1431 552 235 101 57 21 10 4 1 
15237|Child_Cross21|38: 4614 1431 552 235 101 57 21 10 4 1 
15241|Child_Cross12|1|Mutated: 4847 1431 552 235 101 57 21 10 4 1 
15243|Child_Avg|43: 4987 1431 552 235 101 57 21 10 4 1 
15244|Child_Avg|27: 4948 1431 552 235 101 57 21 10 4 1 
15251|Child_Cross21|54: 4931 1431 552 235 101 57 21 10 4 1 
15263|Child_Cross21|26: 4923 1431 552 235 101 57 21 10 4 1 
15276|Child_Cross12|21: 4902 1431 552 235 101 57 21 10 4 1 
15277|Child_Cross21|14: 4862 1431 552 235 101 57 21 10 4 1 
15289|Child_Avg|31: 4890 1431 552 235 101 57 21 10 4 1 
15291|Child_Cross12|49: 4828 1431 552 235 101 57 21 10 4 1 
15296|Child_Cross21|54: 4863 1431 552 235 101 57 21 10 4 1 
15297|Child_CrossABC1|7: 4870 1431 552 235 101 57 21 10 4 1 
15298|Child_Avg|51: 4879 1431 552 235 101 57 21 10 4 1 
15300|Child_CrossABC2|2: 4883 1431 552 235 101 57 21 10 4 1 
15303|Child_Cross21|14: 5013 1431 552 235 101 57 21 10 4 1 
15305|Child_Cross21|54: 5116 1431 552 235 101 57 21 10 4 1 
15310|Child_Cross12|5: 4992 1431 552 235 101 57 21 10 4 1 
15317|Child_CrossABC2|2: 4834 1431 552 235 101 57 21 10 4 1 
15319|Child_Cross21|14: 4945 1431 552 235 101 57 21 10 4 1 
15320|Child_Cross21|46: 4981 1431 552 235 101 57 21 10 4 1 
15322|Child_Cross21|38: 4963 1431 552 235 101 57 21 10 4 1 
15323|Child_Cross12|49: 4966 1431 552 235 101 57 21 10 4 1 
15325|Child_Cross12|45: 4973 1431 552 235 101 57 21 10 4 1 
15327|Child_Avg|39: 4971 1431 552 235 101 57 21 10 4 1 
15329|Child_Cross21|26: 4935 1431 552 235 101 57 21 10 4 1 
15342|Child_Cross21|6: 4944 1431 552 235 101 57 21 10 4 1 
16125|Survivor|1: 3110 1127 512 216 85 50 21 10 4 1 
16513|Child_CrossABC2|8: 2559 899 349 150 72 27 10 4 1 
16516|Survivor|1: 2493 898 361 156 72 27 10 4 1 
16530|Child_CrossABC2|8: 2429 854 365 165 72 27 10 4 1 
16541|Survivor|1: 2244 819 367 159 72 27 10 4 1 
16756|Child_CrossABC2|2: 2492 893 333 152 59 24 9 4 1 
16826|Survivor|1: 2177 853 293 131 71 23 10 4 1 
17441|Child_Avg|51: 1938 716 283 130 61 24 9 4 1 
18435|Survivor|1: 3216 1035 459 176 81 32 13 4 1 
19482|Survivor|1: 2251 768 284 123 64 29 9 4 1 
19755|Survivor|1: 2074 784 334 135 62 24 9 4 1 
19943|Survivor|1: 2248 690 300 129 61 24 9 4 1 
20088|Survivor|1: 2184 761 336 161 69 27 10 4 1 
20771|Survivor|1: 3395 1266 589 215 107 60 21 10 4 1 
21745|Child_Cross21|30: 3114 810 370 138 61 24 9 4 1 
21771|Survivor|1: 2200 645 277 123 59 24 9 4 1 
23537|Survivor|1: 2303 985 362 149 59 24 9 4 1 
23548|Child_CrossABC2|8: 2510 927 349 138 59 24 9 4 1 
23564|Survivor|1: 2057 800 313 135 59 24 9 4 1 
23566|Child_CrossABC1|1: 2230 830 305 132 59 24 9 4 1 
23584|Child_Avg|43: 2240 825 339 126 59 24 9 4 1 
23596|Child_CrossABC1|7: 2201 826 333 123 59 24 9 4 1 
23640|Survivor|1: 2026 765 297 138 58 24 9 4 1 
24359|Survivor|1: 2138 667 271 123 64 24 9 4 1 
24504|Child_CrossABC2|2: 3752 1405 646 223 121 62 24 9 4 1 
25793|Child_Cross12|29: 4563 1385 615 256 111 55 24 9 4 1 
25796|Child_Levy|16: 4770 1396 591 263 106 56 24 9 4 1 
25808|Survivor|1: 4599 1384 601 249 106 56 24 9 4 1 
26113|Survivor|1: 2617 768 373 134 69 27 10 4 1 
26582|Child_Cross21|30: 2487 761 360 136 66 27 10 4 1 
26642|Child_Cross12|9: 3103 1126 379 138 72 27 10 4 1 
27094|Child_CrossABC2|2: 4162 1723 625 273 120 61 19 10 4 1 
27103|Child_Avg|19: 4162 1754 625 273 120 61 19 10 4 1 
27110|Child_CrossABC1|1: 4162 1749 625 273 120 61 19 10 4 1 
27111|Child_CrossABC2|2: 4162 1484 625 273 120 61 19 10 4 1 
27113|Child_CrossABC2|8: 4162 1524 625 273 120 61 19 10 4 1 
29122|Child_Cross21|2|Mutated: 4935 1346 515 213 94 53 19 10 4 1 
29203|Child_LevyP1|9: 5606 1337 557 230 117 54 23 10 4 1 
29726|Child_CrossABC1|7: 2610 758 309 123 59 24 9 4 1 
29897|Survivor|1: 2272 690 340 145 72 27 10 4 1 
31810|Child_CrossABC2|8: 2373 853 346 148 67 23 10 4 1 
31816|Survivor|1: 2365 852 346 144 67 23 10 4 1 
31825|Survivor|1: 2453 1022 347 166 67 23 10 4 1 
31836|Survivor|1: 2195 799 325 137 67 23 10 4 1 
31876|Survivor|1: 2457 758 296 117 67 23 10 4 1 
32112|Survivor|1: 2420 910 322 118 57 23 10 4 1 
32754|Child_Avg|39: 2397 892 354 145 68 23 10 4 1 
32782|Survivor|1: 2471 894 359 142 66 24 11 5 1 
32844|Survivor|1: 3746 1400 504 237 100 53 24 9 4 1 
33274|Survivor|1: 2230 668 261 133 57 23 10 4 1 
33514|Child_Cross21|26: 3722 1354 531 243 108 61 23 10 4 1 
33545|Survivor|1: 3737 1396 581 250 99 59 24 9 4 1 
33557|Child_CrossABC2|2: 3801 1417 598 258 97 59 24 9 4 1 
33827|Survivor|1: 3300 1022 392 163 67 23 10 4 1 
34472|Child_LevyABC2|6: 4484 1420 683 292 118 57 23 10 4 1 
34487|Child_CrossABC2|8: 4786 1353 631 314 118 57 23 10 4 1 
34513|Child_Cross21|46|Mutated: 4334 1290 558 245 101 57 21 10 4 1 
35063|Child_CrossABC2|8: 3708 1515 538 247 108 49 24 9 4 1 
35253|Child_CrossABC1|1: 2530 900 373 172 74 27 13 5 1 
35852|Survivor|1: 2642 969 333 156 70 24 9 4 1 
37043|Survivor|1: 3778 1566 596 265 126 71 23 10 4 1 
37267|Child_Avg|15: 1974 714 295 132 61 24 9 4 1 
37836|Survivor|1: 2344 725 303 113 59 21 10 4 1 
38291|Survivor|1: 2506 861 320 131 65 27 10 4 1 
38536|Child_Levy|8: 2406 866 327 128 67 24 9 4 1 
38625|Survivor|1: 4940 1440 562 228 99 54 19 10 4 1 
39497|Survivor|1: 2735 816 319 130 58 21 10 4 1 
39888|Child_Cross21|42: 3893 1538 565 249 111 55 24 9 4 1 
39985|Survivor|1: 3795 1353 572 223 103 52 24 9 4 1 
41395|Survivor|1: 2078 733 309 138 61 24 9 4 1 
41652|Survivor|1: 2188 797 318 131 66 24 11 5 1 
42598|Child_CrossABC1|1: 2321 641 284 141 62 24 9 4 1 
42614|Survivor|1: 2365 663 315 132 62 24 9 4 1 
43210|Survivor|1: 3275 944 402 164 81 29 10 4 1 
46197|Survivor|1: 2621 791 358 139 79 27 10 4 1 
46684|Child_CrossABC2|8: 3772 1187 529 250 108 61 23 10 4 1 
46895|Child_Avg|47: 4910 1653 688 250 123 56 24 9 4 1 
47800|Child_Cross21|6: 5231 1579 565 238 112 53 19 10 4 1 
47803|Child_CrossABC2|2: 5231 1579 565 238 112 57 21 10 4 1 
47813|Child_CrossABC1|7: 5255 1568 594 241 111 57 21 10 4 1 
47831|Child_CrossABC2|2: 4815 1583 590 233 125 56 21 10 4 1 
47835|Child_CrossABC2|8: 4828 1572 572 239 125 56 21 10 4 1 
47880|Child_CrossABC1|1: 4827 1567 572 239 125 56 21 10 4 1 
47882|Child_Avg|43: 5151 1517 567 241 125 56 21 10 4 1 
47885|Child_CrossABC2|2: 5184 1538 572 239 125 56 21 10 4 1 
48914|Survivor|1: 3161 1278 483 216 101 49 24 9 4 1 
49554|Child_CrossABC1|1: 1846 792 303 129 64 24 9 4 1 
49820|Survivor|1: 2337 750 315 146 62 24 9 4 1 
